0,110
0,120
0,130
0,140
0,150
0,160
0,170
0,180
0,190
255600,189
262200,188
270600,187
285900,186
286200,185
286500,184
286800,183
287100,182
287400,181
287700,180
288000,179
288300,178
288600,177
288900,176
289800,175
290100,174
290400,173
291000,172
291300,171
291600,170
291900,169
292200,168
292500,167
292800,166
293100,165
293400,164
293700,163
294000,162
294300,161
294600,160
294900,159
295200,158
295500,157
295800,156
296100,155
296400,154
297900,153
304500,152
304800,151
305700,150
306000,149
306300,148
306600,147
315900,146
316500,145
316800,144
317100,143
317700,142
318000,141
325200,140
346800,139
349200,138
349500,137
350100,136
350400,135
350700,134
351000,133
351900,132
352800,131
353100,130
353400,129
353700,128
354000,127
354300,126
354600,125
354900,124
355200,123
355500,122
355800,121
356100,120
356400,119
356700,118
357000,117
357300,116
357900,115
358500,114
358800,113
360300,112
360600,111
360900,110
368100,109
368400,108
368700,107
369000,106
374400,105
374700,104
375000,103
379200,102
381600,101
381900,100
382200,99
383400,98
399000,97
399300,96
404700,95
405000,94
405300,93
405600,92
405900,91
406200,90
406500,89
406800,88
407100,87
407400,86
407700,85
408000,84
409800,83
411600,82
418800,81
419100,80
419700,79
420000,78
420300,77
420600,76
421200,75
421500,74
421800,73
422400,72
488400,71
494700,70
513900,69
525600,68
525900,67
527100,66
527400,65
527700,64
530400,63
531600,62
532500,61
532800,60
533100,59
533400,58
564600,57
567000,67
567000,77
587700,76
588000,75
588300,74
588600,73
588900,72
589200,71
589500,70
589800,69
590100,68
590400,67
590700,66
591000,65
591300,64
591600,63
591900,62
592200,61
592500,60
592800,59
593100,58
593400,57
593700,56
594000,55
594300,54
594600,53
597600,52
600000,51
600300,50
600900,49
601500,48
601800,47
623100,46
623400,45
623700,44
642000,54
642600,53
642900,52
643200,51
643500,50
643800,49
644100,48
644400,47
648000,57
648000,67
658200,77
669000,76
669300,75
669600,74
669900,73
670200,72
670500,71
670800,70
671100,69
671400,68
672000,67
672600,66
672900,65
673200,64
673500,63
673800,62
678000,72
690300,82
744000,92
750600,102
759300,112
781200,111
783600,110
783900,109
784500,108
785700,107
786000,106
786300,105
786600,104
786900,103
787200,102
787500,101
789600,100
792000,99
792900,98
793500,97
794700,96
796200,95
801900,94
802500,93
802800,92
803700,91
818100,101
852000,100
852300,99
852900,98
853200,97
853500,96
853800,95
857400,94
929400,104
929400,114
941100,113
943200,112
943500,111
961200,110
961500,109
961800,108
962700,107
966000,106
973800,105
974100,104
974400,103
974700,102
975000,101
976500,100
976800,99
977100,98
978000,97
1023300,96
1032300,95
1047600,94
1047900,93
1048200,92
1048500,91
1048800,90
1049100,89
1049400,88
1052100,87
1052400,86
1054800,85
1055100,84
1055400,83
1069200,82
1081500,81
1083000,80
1083300,79
1083600,78
1083900,77
1087800,76
1088100,75
1088400,74
1088700,73
1089600,72
1091400,71
1091700,70
1093800,69
1094100,68
1094700,67
1095300,66
1128300,65
1129500,64
1131600,63
1132800,62
1133100,61
1133400,60
1133700,59
1134000,58
1134300,57
1144500,56
1221000,55
1226400,54
1232100,53
1257600,63
1266000,62
1266900,61
1267500,60
1284000,59
1284300,58
1291800,68
1299600,78
1299600,88
1299900,98
1311300,97
1312500,96
1312800,95
1313100,94
1313400,93
1313700,92
1314000,91
1314300,90
1314600,89
1314900,88
1315200,87
1327200,86
1327500,85
1327800,84
1329000,83
1329300,82
1329600,81
1329900,80
1330200,79
1330500,78
1330800,77
1331100,76
1331400,75
1331700,74
1332000,73
1332300,72
1332600,71
1333200,70
1333800,69
1336200,68
1353900,67
1354200,66
1354500,65
1414800,75
1418400,74
1418700,73
1419000,72
1419300,71
1419900,70
1420200,69
1420500,68
1421100,67
1421400,66
1421700,65
1422000,64
1422900,63
1434000,62
1458000,72
1586700,82
1596000,92
1596000,102
1596000,112
1596000,122
1596000,132
1596000,142
1596000,152
1596000,162
1596000,172
1596000,182
1596600,181
1596900,180
1597200,179
1597500,178
1597800,177
1598100,176
1598400,175
1598700,174
1599000,173
1599300,172
1599600,171
1599900,170
1600200,169
1600500,168
1600800,167
1601100,166
1601400,165
1601700,164
1602600,163
1602900,162
1603200,161
1603500,160
1603800,159
1604100,158
1604400,157
1604700,156
1605000,155
1605300,154
1605600,153
1605900,152
1606200,151
1606500,150
1606800,149
1607100,148
1607400,147
1608000,146
1608300,145
1608600,144
1608900,143
1609200,142
1609500,141
1609800,140
1610100,139
1610400,138
1610700,137
1611000,136
1611300,135
1611600,134
1611900,133
1612200,132
1612500,131
1612800,130
1613100,129
1613400,128
1613700,127
1614000,126
1614300,125
1614600,124
1614900,123
1615200,122
1615500,121
1616100,120
1616400,119
1618500,118
1618800,117
1619100,116
1619400,115
1621200,114
1621500,113
1621800,112
1622100,111
1622400,110
1622700,109
1623000,108
1623300,107
1623600,106
1623900,105
1624200,104
1625100,103
1625400,102
1626300,101
1628400,100
1628700,99
1630800,98
1631100,97
1632300,96
1632600,95
1632900,94
1633200,93
1633500,92
1634100,91
1645800,90
1646100,89
1646400,88
1646700,87
1647000,86
1647300,85
1648200,84
1648800,83
1649700,82
1650000,81
1650300,80
1650600,79
1650900,78
1651200,77
1651500,76
1652400,75
1652700,74
1653000,73
1653300,72
1653600,71
1654200,70
1654500,69
1654800,68
1656000,67
1656300,66
1656600,65
1659900,64
1664100,63
1666800,62
1667100,61
1667700,60
1674900,59
1695900,69
1695900,79
1696200,89
1713000,88
1713300,87
1713600,86
1713900,85
1714200,84
1730700,83
1731300,82
1731600,81
1731900,80
1732200,79
1732500,78
1732800,77
1733100,76
1733400,75
1733700,74
1734000,73
1734300,72
1734600,71
1734900,70
1735200,69
1737600,68
1737900,67
1738200,66
1738500,65
1738800,64
1739100,63
1739400,62
1739700,61
1740000,60
1740300,59
1744200,58
1744500,57
1745400,56
1745700,55
1746000,54
1746300,53
1746600,52
1746900,62
1764000,61
1764300,60
1764600,59
1764900,58
1765200,57
1765500,56
1765800,55
1766100,54
1766400,53
1766700,52
1767000,51
1767300,50
1767600,49
1767900,48
1768200,47
1768500,46
1770600,56
1779600,55
1779900,54
1780200,53
1780500,52
1780800,51
1781100,50
1781400,49
1781700,48
1782000,47
1782300,46
1782600,45
1782900,44
1783200,43
1783500,42
1783800,41
1784100,40
1784400,39
1784700,38
1785000,37
1785300,36
1785600,35
1785900,34
1786500,33
1787100,43
1787100,53
1797600,52
1797900,51
1798200,50
1798500,49
1798800,48
1799100,47
1799400,46
1799700,45
1800000,44
1800300,43
1800600,42
1800900,41
1801200,40
1801500,39
1801800,38
1802100,37
1802400,36
1802700,35
1803000,34
1803300,33
1803600,32
1803900,31
1804200,30
1804500,29
1804800,28
1805700,27
1807800,26
1809900,25
1821600,24
1826700,23
1829700,22
1834800,32
1838100,31
1838400,30
1838700,29
1839000,28
1839300,27
1839600,26
1839900,25
1840200,24
1842600,34
1842600,44
1848000,54
1848900,64
1850400,74
1865400,73
1871700,72
1872000,71
1872300,70
1872600,69
1872900,68
1873200,67
1873500,66
1873800,65
1874100,64
1874400,63
1874700,62
1875000,61
1875300,60
1875600,59
1875900,58
1889100,68
1898100,67
1902900,77
1906500,76
1906800,75
1907100,74
1951500,84
1951500,94
1977600,104
2000400,103
2000700,102
2011800,101
2013300,100
2013600,99
2026800,98
2032800,97
2033700,96
2034000,95
2034300,94
2037900,93
2038200,92
2038800,91
2039100,90
2039400,89
2039700,88
2040000,87
2040300,86
2044200,85
2045100,84
2056200,83
2060400,93
2082300,92
2082300,102
2082300,112
2082300,122
2082300,132
2082300,142
2082300,152
2082300,162
2082300,172
2082300,182
2082300,192
2082300,202
2082300,212
2082300,222
2082900,221
2083200,220
2083500,219
2083800,218
2084100,217
2084400,216
2084700,215
2085000,214
2085300,213
2085600,212
2085900,211
2086200,210
2086500,209
2086800,208
2087100,207
2087400,206
2087700,205
2088000,204
2088300,203
2088600,202
2088900,201
2089200,200
2089500,199
2089800,198
2090100,197
2090400,196
2090700,195
2091000,194
2091300,193
2091600,192
2091900,191
2092200,190
2092500,189
2092800,188
2093100,187
2093400,186
2093700,185
2094000,184
2094300,183
2094600,182
2094900,181
2095200,180
2095500,179
2095800,178
2096100,177
2096400,176
2096700,175
2097000,174
2097300,173
2097600,172
2097900,171
2098200,170
2098500,169
2098800,168
2099100,167
2099400,166
2099700,165
2100000,164
2100300,163
2100600,162
2100900,161
2101200,160
2101500,159
2101800,158
2102400,157
2102700,156
2103000,155
2103300,154
2103600,153
2103900,152
2104200,151
2104500,150
2104800,149
2105100,148
2105400,147
2105700,146
2106000,145
2106300,144
2106600,143
2106900,142
2107200,141
2107500,140
2107800,139
2108100,138
2108400,137
2108700,136
2109000,135
2115900,134
2116200,133
2116500,132
2116800,131
2117100,130
2125800,129
2126400,128
2127600,127
2127900,126
2128200,125
2128500,124
2133300,123
2133600,122
2133900,121
2134800,120
2135100,119
2135400,118
2136000,117
2136300,116
2136600,115
2136900,114
2137200,113
2137500,112
2139600,111
2199600,110
2199900,109
2200200,108
2200500,107
2200800,106
2203800,105
2204100,104
2204400,103
2204700,102
2205300,101
2205600,100
2206200,99
2206500,98
2216100,97
2216400,96
2216700,95
2217000,94
2217300,93
2217600,92
2217900,91
2220900,90
2221200,89
2221500,88
2221800,87
2222100,86
2223300,85
2223900,84
2224200,83
2224500,82
2224800,81
2225100,80
2226600,79
2226900,78
2227200,77
2227500,76
2227800,75
2228100,74
2228700,73
2235600,83
2235900,93
2236200,92
2236500,91
2236800,90
2237100,89
2245500,99
2274900,98
2275200,97
2275500,96
2275800,95
2276100,94
2276400,93
2276700,92
2277000,91
2278800,90
2284500,89
2305200,88
2305500,87
2319900,86
2320500,85
2320800,84
2321100,83
2321700,82
2324100,81
2326500,80
2327400,79
2328000,78
2328300,77
2328600,76
2333100,75
2336700,74
2337000,73
2337300,72
2338200,71
2338500,70
2338800,69
2339100,68
2339400,67
2344500,66
2345100,65
2345400,64
2345700,63
2346000,62
2346300,61
2346600,60
2346900,59
2347200,58
2347500,57
2347800,56
2348100,55
2348400,54
2358000,53
2368800,52
2369100,51
2370900,50
2371200,49
2372400,48
2372700,47
2380800,57
2396100,56
2396400,55
2396700,54
2397900,53
2398200,52
2398500,51
2398800,50
2399100,49
2399400,48
2399700,47
2400300,46
2400600,45
2400900,44
2401200,43
2401500,42
2402100,41
2402400,40
2402700,39
2403000,38
2403300,37
2408400,47
2409300,57
2422500,56
2422800,55
2423400,54
2423700,53
2424000,52
2424300,51
2424600,50
2425200,49
2425500,48
2425800,47
2445900,57
2463600,56
2464200,66
2474700,76
2478000,86
2478000,96
2478900,95
2479200,94
2479500,93
2480100,92
2480400,91
2480400,101
2484000,100
2484300,99
2484600,98
2484900,97
2485200,96
2485500,95
2485800,94
2486100,93
2486400,92
2486700,91
2487000,90
2487300,89
2487600,88
2487900,87
2488200,86
2488500,85
2488800,84
2489100,83
2489400,82
2489400,92
2489400,102
2489400,112
2489400,122
2496300,121
2497200,120
2497500,119
2497800,118
2498100,117
2498400,116
2498700,115
2499000,114
2499300,113
2499600,112
2499900,111
2500200,110
2500500,109
2500800,108
2501100,107
2501400,106
2501700,105
2502000,104
2502300,103
2502600,102
2502900,101
2503200,100
2503500,99
2503800,98
2504100,97
2504400,96
2504700,95
2505000,94
2505300,93
2505600,92
2505900,91
2506200,90
2506500,89
2506800,88
2507100,87
2507400,86
2507700,85
2508000,84
2508300,83
2508600,82
2508900,81
2509200,80
2509500,79
2509800,78
2510100,77
2510400,76
2510700,75
2511000,74
2511300,73
2511600,72
2511900,71
2512200,70
2512500,69
2512800,68
2513100,67
2513400,66
2513700,65
2514000,64
2514300,63
2514600,62
2514900,61
2515200,60
2515500,59
2515800,58
2516100,57
2516400,56
2516700,55
2517000,54
2517300,53
2517600,52
2517900,51
2518200,50
2518500,49
2518800,48
2519100,47
2519400,46
2519700,45
2520000,44
2520300,43
2520600,42
2520900,41
2521200,40
2521500,39
2521800,38
2523600,37
2527200,36
