0,110
0,120
0,130
0,140
0,150
0,160
0,170
0,180
0,190
103800,189
104400,188
104700,187
105300,186
109200,185
109500,184
113100,183
113400,182
113700,181
114000,180
114300,179
114600,178
114900,177
133200,176
133500,175
133800,174
136500,173
137400,172
138000,171
138600,170
144300,169
144600,168
144900,167
145500,166
146100,165
146400,164
146700,163
147600,162
187800,172
187800,182
187800,192
191100,191
191400,190
191700,189
192000,188
192300,187
192600,186
192900,185
193200,184
193500,183
193800,182
194100,181
194400,180
196200,179
199500,178
201300,177
203700,176
205200,175
205500,174
206400,173
207300,172
219600,171
219900,170
220800,169
231600,168
234600,167
237600,166
237900,165
255600,164
255900,163
256200,162
257400,161
257700,160
258000,159
258300,158
260700,157
261000,156
261300,155
261600,154
261900,153
262200,152
262800,151
268500,150
270000,149
270300,148
270600,147
271200,146
271500,145
272400,144
285900,143
286200,142
286500,141
286800,140
287100,139
287400,138
287700,137
288000,136
288300,135
289800,134
290100,133
290400,132
291000,131
291300,130
291600,129
291900,128
292200,127
292500,126
292800,125
293100,124
293400,123
293700,122
294000,121
294300,120
294600,119
294900,118
295200,117
295800,116
296400,115
305700,114
306000,113
306300,112
306600,111
315900,110
316500,109
316800,108
317100,107
317700,106
318600,105
322500,115
325200,114
337800,124
346200,123
346500,122
346800,121
347100,120
347400,119
347700,118
348000,117
348300,116
348600,115
348900,114
349200,113
349500,112
349800,111
350100,110
350400,109
350700,108
351000,107
351300,106
351600,105
351900,104
352500,103
352800,102
353100,101
353400,100
353700,99
354000,98
354300,97
354600,96
354900,95
355200,94
355500,93
355800,92
356100,91
356400,90
356700,89
357000,88
357300,87
357600,86
357900,85
358500,84
358800,83
360600,82
360900,81
367800,80
368100,79
368400,78
368700,77
369000,76
374700,75
379200,74
383400,73
399000,72
404700,71
405000,70
405600,69
405900,68
406200,67
406500,66
406800,65
407100,64
407400,63
407700,62
408000,61
409800,60
419100,59
419700,58
420000,57
420300,56
420600,55
421500,54
442800,64
478800,63
479100,62
479400,61
482700,60
483000,59
483300,58
484500,57
484800,56
485100,55
488400,54
489600,53
494700,52
527100,51
527400,50
527700,49
530100,48
531600,47
533100,46
533400,45
550500,55
561000,54
561300,53
561600,52
562200,51
564300,50
564600,49
566400,48
567000,58
567000,68
587700,67
588000,66
588300,65
588600,64
588900,63
589200,62
589500,61
589800,60
590100,59
590400,58
590700,57
591000,56
591300,55
591600,54
591900,53
592200,52
592500,51
592800,50
593100,49
593400,48
593700,47
594000,46
594300,45
594600,44
599700,43
600000,42
600900,41
601500,40
601800,39
602100,38
604500,48
604800,47
605100,46
605400,45
605700,44
606000,43
606300,42
607500,41
610500,40
610800,39
619800,49
620400,48
620700,47
621000,46
621300,45
621600,44
621900,43
622200,42
622500,41
623100,40
623400,39
623700,38
627300,37
633600,36
642000,46
642600,45
642900,44
643200,43
643500,42
643800,41
644100,40
644400,39
644700,38
648000,48
648000,58
648000,68
658200,78
667500,77
668400,76
668700,75
669000,74
669300,73
669600,72
669900,71
670200,70
670500,69
670800,68
671100,67
671400,66
671700,65
672000,64
672300,63
672600,62
672900,61
673200,60
673500,59
673800,58
674400,57
678000,67
690300,77
716700,76
717000,75
739200,74
744000,84
748500,94
750600,104
767100,103
778500,102
781200,101
781800,100
782100,99
782400,98
782700,97
783000,96
783300,95
783600,94
783900,93
784200,92
784500,91
785400,90
785700,89
786000,88
786300,87
786600,86
786900,85
787200,84
787500,83
789600,82
792000,81
792900,80
793500,79
794700,78
795900,77
796200,76
801900,75
802500,74
802800,73
803100,72
803700,71
806100,81
818100,91
818400,101
839400,100
839700,99
840600,98
843000,97
843600,96
843900,95
844200,94
844500,93
844800,92
846000,91
846300,90
846600,89
846900,88
847200,87
847500,86
849300,85
852000,84
852300,83
852900,82
853200,81
853500,80
853800,79
856200,78
856800,77
857400,76
868800,86
882300,96
929400,106
930000,105
930300,104
931500,103
932400,102
932700,101
933000,100
933300,99
933900,98
934200,97
934500,96
934800,95
940200,94
941100,93
941400,92
941700,91
943200,90
943500,89
961500,88
965700,87
966000,86
973500,85
973800,84
974100,83
974400,82
974700,81
976500,80
976800,79
977100,78
977400,77
1047600,76
1047900,75
1048500,74
1049100,73
1051800,72
1052100,71
1052400,70
1052700,69
1053600,68
1054800,67
1055100,66
1081500,65
1081800,64
1083000,63
1083600,62
1083900,61
1087800,60
1088700,59
1092000,58
1092600,57
1092900,56
1093200,55
1094100,54
1094400,53
1094700,52
1095000,51
1118700,50
1119900,49
1128300,48
1131300,47
1132800,46
1133100,45
1133400,44
1133700,43
1134000,42
1221000,41
1221300,40
1226400,39
1244100,49
1244400,48
1249200,58
1253700,57
1254000,56
1254300,55
1254600,54
1254900,53
1255200,52
1255500,51
1257600,61
1260000,60
1260300,59
1260600,58
1260900,57
1261500,56
1261800,55
1262100,54
1262400,53
1262700,52
1263000,51
1263300,50
1263600,49
1264200,48
1265100,47
1265700,46
1267500,45
1275900,55
1282500,54
1282800,53
1283100,52
1283400,51
1283700,50
1284000,49
1284300,48
1284600,47
1285200,46
1291800,56
1291800,66
1293900,76
1298400,75
1299600,85
1299900,95
1307700,94
1308000,93
1308300,92
1308600,91
1308900,90
1309200,89
1309500,88
1309800,87
1310100,86
1310400,85
1310700,84
1311000,83
1311300,82
1311600,81
1311900,80
1312200,79
1312500,78
1312800,77
1313100,76
1313400,75
1313700,74
1314000,73
1314300,72
1314600,71
1314900,70
1315200,69
1326900,68
1327200,67
1327500,66
1327800,65
1329000,64
1329300,63
1329600,62
1329900,61
1330200,60
1330500,59
1330800,58
1331100,57
1331400,56
1331700,55
1332300,54
1332600,53
1333200,52
1333800,51
1336200,50
1341900,60
1352700,59
1353000,58
1353300,57
1353900,56
1354200,55
1354500,54
1367700,53
1372800,52
1382700,62
1389000,61
1389300,60
1393200,59
1393500,58
1393800,57
1394100,56
1394400,55
1394700,54
1398600,53
1407600,52
1411200,51
1413900,61
1416600,60
1417200,59
1417500,58
1417800,57
1418100,56
1418400,55
1418700,54
1419000,53
1419300,52
1419900,51
1420200,50
1420500,49
1421100,48
1421700,47
1422000,46
1426500,56
1428600,55
1428900,54
1429500,53
1429800,52
1430100,51
1430400,50
1431600,49
1432500,48
1433700,47
1434000,46
1440900,56
1445100,55
1450800,54
1451100,53
1451400,52
1453800,62
1470600,72
1490400,71
1490700,70
1491000,69
1491300,68
1498500,67
1499100,66
1499400,65
1500000,64
1505400,63
1506000,62
1511400,72
1535100,71
1535400,70
1535700,69
1536000,68
1545900,67
1548000,66
1548600,65
1557900,75
1562400,74
1562700,73
1563000,72
1563300,71
1563900,70
1564200,69
1564800,68
1565100,67
1578900,66
1579200,65
1579500,64
1579800,63
1580100,62
1580400,61
1580700,60
1581300,59
1586700,69
1593000,79
1596000,89
1596000,99
1596000,109
1596000,119
1596000,129
1596000,139
1596000,149
1596000,159
1596000,169
1596000,179
1596600,178
1596900,177
1597200,176
1597500,175
1597800,174
1598100,173
1598400,172
1598700,171
1599000,170
1599300,169
1599600,168
1599900,167
1600200,166
1600500,165
1600800,164
1601100,163
1601400,162
1601700,161
1602600,160
1602900,159
1603200,158
1603500,157
1603800,156
1604100,155
1604400,154
1604700,153
1605000,152
1605300,151
1605600,150
1605900,149
1606200,148
1606500,147
1606800,146
1607100,145
1607400,144
1608000,143
1608300,142
1608600,141
1608900,140
1609200,139
1609500,138
1609800,137
1610100,136
1610400,135
1610700,134
1611000,133
1611300,132
1611600,131
1611900,130
1612200,129
1612500,128
1612800,127
1613100,126
1613400,125
1613700,124
1614000,123
1614300,122
1614600,121
1614900,120
1615200,119
1615500,118
1615800,117
1616100,116
1616400,115
1617000,114
1617300,113
1617600,112
1617900,111
1618200,110
1618500,109
1618800,108
1619100,107
1619400,106
1620000,105
1620300,104
1620600,103
1620900,102
1621200,101
1621500,100
1621800,99
1622100,98
1622400,97
1622700,96
1623000,95
1623300,94
1623600,93
1623900,92
1624200,91
1624500,90
1624800,89
1625100,88
1625400,87
1625700,86
1626000,85
1626300,84
1627500,83
1628400,82
1628700,81
1630500,80
1630800,79
1631100,78
1632300,77
1632600,76
1632900,75
1633200,74
1634100,73
1646100,72
1646400,71
1646700,70
1647000,69
1647300,68
1648200,67
1648800,66
1649100,65
1649700,64
1650000,63
1650300,62
1650600,61
1650900,60
1651200,59
1651500,58
1652400,57
1652700,56
1653000,55
1653300,54
1653600,53
1654200,52
1654500,51
1654800,50
1656000,49
1659600,48
1659900,47
1660500,46
1664100,45
1666800,44
1667100,43
1673400,53
1674300,52
1674900,51
1677900,50
1679400,49
1680300,48
1680600,47
1680900,46
1691400,56
1695900,66
1695900,76
1696200,86
1713000,85
1713300,84
1713600,83
1713900,82
1714200,81
1721400,80
1729800,79
1730100,78
1730400,77
1730700,76
1731000,75
1731300,74
1731600,73
1731900,72
1732200,71
1732500,70
1732800,69
1733100,68
1733400,67
1733700,66
1734000,65
1734300,64
1734600,63
1734900,62
1735200,61
1735500,60
1735800,59
1736100,58
1736400,57
1736700,56
1737600,55
1737900,54
1738200,53
1738500,52
1738800,51
1739100,50
1739400,49
1744200,48
1744500,47
1744800,46
1745100,45
1745400,44
1745700,43
1746000,42
1746300,41
1746600,40
1746900,50
1746900,60
1764000,59
1764300,58
1764600,57
1764900,56
1765200,55
1765500,54
1765800,53
1766100,52
1766400,51
1766700,50
1767000,49
1767300,48
1767600,47
1767900,46
1768200,45
1768500,44
1768800,43
1769100,42
1769400,41
1769700,40
1770000,39
1770300,38
1770600,48
1770600,58
1779600,57
1779900,56
1780200,55
1780500,54
1780800,53
1781100,52
1781400,51
1781700,50
1782000,49
1782300,48
1782600,47
1782900,46
1783200,45
1783500,44
1783800,43
1784100,42
1784400,41
1784700,40
1785000,39
1785300,38
1785600,37
1785900,36
1786200,35
1786500,34
1786800,33
1787100,32
1787100,42
1787100,52
1797600,51
1797900,50
1798200,49
1798500,48
1798800,47
1799100,46
1799400,45
1799700,44
1800000,43
1800300,42
1800600,41
1800900,40
1801200,39
1801500,38
1801800,37
1802100,36
1802400,35
1802700,34
1803000,33
1803300,32
1803600,31
1803900,30
1804200,29
1804500,28
1804800,27
1805100,26
1805400,25
1805700,24
1806000,23
1806900,22
1807200,21
1807800,20
1821600,19
1823700,29
1824300,28
1824900,27
1825800,26
1826100,25
1826400,24
1826700,23
1827000,22
1827300,21
1828800,20
1829700,19
1834500,29
1837800,28
1838100,27
1838400,26
1838700,25
1839000,24
1839300,23
1839600,22
1839900,21
1840200,20
1840500,30
1842600,40
1842600,50
1848000,60
1849800,70
1865400,69
1871700,68
1872000,67
1872300,66
1872600,65
1872900,64
1873200,63
1873500,62
1873800,61
1874100,60
1874400,59
1874700,58
1875000,57
1875300,56
1875600,55
1875900,54
1882800,64
1897800,63
1898100,62
1899000,61
1902900,71
1904100,70
1904400,69
1904700,68
1905000,67
1905600,66
1905900,65
1906200,64
1906500,63
1906800,62
1907100,61
1929300,71
1938000,70
1938300,69
1938600,68
1941000,67
1941300,66
1941900,65
1951200,75
1951500,85
1964100,95
1976700,105
1994400,104
1994700,103
1995000,102
1996500,101
1996800,100
1997100,99
1997400,98
1997700,97
1999800,96
2000100,95
2000400,94
2000700,93
2001000,92
2001300,91
2003400,90
2003700,89
2004300,88
2005500,87
2005800,86
2006100,85
2006400,84
2006700,83
2007300,82
2007600,81
2011800,80
2013000,79
2013300,78
2013600,77
2018700,87
2024400,86
2026500,85
2026800,84
2027100,83
2027400,82
2032500,81
2032800,80
2033400,79
2033700,78
2034000,77
2034300,76
2037600,75
2037900,74
2038200,73
2038500,72
2038800,71
2039100,70
2039400,69
2039700,68
2040000,67
2040300,66
2044200,65
2045100,64
2048400,74
2052600,73
2055600,72
2055900,71
2056200,70
2056800,69
2057100,68
2058600,78
2060700,88
2073900,98
2080200,97
2080500,96
2080800,95
2081100,94
2081400,93
2081700,92
2082000,91
2082300,90
2082300,100
2082300,110
2082300,120
2082300,130
2082300,140
2082300,150
2082300,160
2082300,170
2082300,180
2082300,190
2082300,200
2082300,210
2082300,220
2082900,219
2083200,218
2083500,217
2083800,216
2084100,215
2084400,214
2084700,213
2085000,212
2085300,211
2085600,210
2085900,209
2086200,208
2086500,207
2086800,206
2087100,205
2087400,204
2087700,203
2088000,202
2088300,201
2088600,200
2088900,199
2089200,198
2089500,197
2089800,196
2090100,195
2090400,194
2090700,193
2091000,192
2091300,191
2091600,190
2091900,189
2092200,188
2092500,187
2092800,186
2093100,185
2093400,184
2093700,183
2094000,182
2094300,181
2094600,180
2094900,179
2095200,178
2095500,177
2095800,176
2096100,175
2096400,174
2096700,173
2097000,172
2097300,171
2097600,170
2097900,169
2098200,168
2098500,167
2098800,166
2099100,165
2099400,164
2099700,163
2100000,162
2100300,161
2100600,160
2100900,159
2101200,158
2101500,157
2101800,156
2102100,155
2102400,154
2102700,153
2103000,152
2103300,151
2103600,150
2103900,149
2104200,148
2104500,147
2104800,146
2105100,145
2105400,144
2105700,143
2106000,142
2106300,141
2106600,140
2106900,139
2107200,138
2107500,137
2107800,136
2108100,135
2108400,134
2108700,133
2109000,132
2109300,131
2109600,130
2109900,129
2110200,128
2110500,127
2110800,126
2111100,125
2111400,124
2111700,123
2112000,122
2112300,121
2113500,120
2113800,119
2114100,118
2114400,117
2114700,116
2115000,115
2115300,114
2115600,113
2115900,112
2116200,111
2116500,110
2116800,109
2117100,108
2117400,107
2118000,106
2118300,105
2118600,104
2118900,103
2119200,102
2121900,101
2122200,100
2125800,99
2127600,98
2127900,97
2128200,96
2128500,95
2133600,94
2134800,93
2135100,92
2135400,91
2136000,90
2136300,89
2136600,88
2136900,87
2137200,86
2137500,85
2144100,95
2180700,105
2193000,104
2193300,103
2193600,102
2193900,101
2194500,100
2195100,99
2197800,98
2198100,97
2198400,96
2198700,95
2199000,94
2199300,93
2199600,92
2199900,91
2200200,90
2200500,89
2200800,88
2203800,87
2204100,86
2204400,85
2204700,84
2205000,83
2205300,82
2205600,81
2206200,80
2206500,79
2216100,78
2216400,77
2216700,76
2217000,75
2217600,74
2217900,73
2221200,72
2221500,71
2221800,70
2223300,69
2224500,68
2224800,67
2225100,66
2226600,65
2226900,64
2227200,63
2227500,62
2227800,61
2228100,60
2228700,59
2229900,69
2230200,68
2230500,67
2231100,66
2231400,65
2232000,64
2232300,63
2235600,73
2235900,83
2236200,82
2236500,81
2236800,80
2237100,79
2237400,78
2237700,77
2242200,87
2242200,97
2246100,107
2250300,106
2250600,105
2250900,104
2252700,103
2256600,102
2257200,101
2257500,100
2257800,99
2258100,98
2258400,97
2264400,96
2268300,95
2268600,94
2268900,93
2269200,92
2269500,91
2269800,90
2270100,89
2270700,88
2274900,87
2275200,86
2275500,85
2275800,84
2276100,83
2276400,82
2276700,81
2277000,80
2277300,79
2277600,78
2277900,77
2278500,76
2278800,75
2279100,74
2279400,73
2284500,72
2292300,82
2301900,81
2302200,80
2302500,79
2304900,78
2305200,77
2305500,76
2318400,75
2319000,74
2319300,73
2319900,72
2320200,71
2320500,70
2320800,69
2321100,68
2321700,67
2326500,66
2327400,65
2328000,64
2328300,63
2328600,62
2333100,61
2333700,60
2337000,59
2337300,58
2338200,57
2338500,56
2338800,55
2339100,54
2344500,53
2345100,52
2345400,51
2345700,50
2346000,49
2346300,48
2346600,47
2346900,46
2347200,45
2347500,44
2347800,43
2348100,42
2348400,41
2348400,51
2348400,61
2349600,60
2349900,59
2350200,58
2350800,57
2351100,56
2351400,55
2351700,54
2352000,53
2352300,52
2352600,51
2352900,50
2353200,49
2353500,48
2354400,47
2354700,46
2356800,45
2357700,44
2358000,43
2364900,53
2366700,52
2367000,51
2367300,50
2367600,49
2367900,48
2368200,47
2368800,46
2369100,45
2370300,44
2370600,43
2370900,42
2371200,41
2372400,40
2372700,39
2373000,38
2378700,48
2383200,47
2383800,46
2384100,45
2388900,55
2390700,54
2391300,53
2391600,52
2391900,51
2392200,50
2393100,49
2393400,48
2394900,47
2395200,46
2395500,45
2395800,44
2396100,43
2396400,42
2396700,41
2397900,40
2398200,39
2398500,38
2398800,37
2399100,36
2400300,35
2400600,34
2400900,33
2401200,32
2401500,31
2402100,30
2402700,29
2403300,28
2404800,38
2408400,48
2421300,47
2422200,46
2422500,45
2422800,44
2423100,43
2423400,42
2423700,41
2424000,40
2424300,39
2424600,38
2425200,37
2425500,36
2425800,35
2441700,45
2445900,55
2454300,54
2455500,53
2455800,52
2463300,51
2463600,50
2463900,49
2464200,59
2464200,69
2468400,68
2469000,67
2469300,66
2469600,65
2469900,64
2470500,63
2470800,62
2471100,61
2471400,60
2471700,59
2472600,58
2472900,57
2473200,56
2473500,55
2474700,65
2474700,75
2478000,85
2478000,95
2478900,94
2479200,93
2479500,92
2480100,91
2480400,90
2480400,100
2484000,99
2484300,98
2484600,97
2484900,96
2485200,95
2485500,94
2485800,93
2486100,92
2486400,91
2486700,90
2487000,89
2487300,88
2487600,87
2487900,86
2488200,85
2488500,84
2488800,83
2489100,82
2489400,81
2489400,91
2489400,101
2489400,111
2489400,121
2496000,120
2496300,119
2497200,118
2497500,117
2497800,116
2498100,115
2498400,114
2498700,113
2499000,112
2499300,111
2499600,110
2499900,109
2500200,108
2500500,107
2500800,106
2501100,105
2501400,104
2501700,103
2502000,102
2502300,101
2502600,100
2502900,99
2503200,98
2503500,97
2503800,96
2504100,95
2504400,94
2504700,93
2505000,92
2505300,91
2505600,90
2505900,89
2506200,88
2506500,87
2506800,86
2507100,85
2507400,84
2507700,83
2508000,82
2508300,81
2508600,80
2508900,79
2509200,78
2509500,77
2509800,76
2510100,75
2510400,74
2510700,73
2511000,72
2511300,71
2511600,70
2511900,69
2512200,68
2512500,67
2512800,66
2513100,65
2513400,64
2513700,63
2514000,62
2514300,61
2514600,60
2514900,59
2515200,58
2515500,57
2515800,56
2516100,55
2516400,54
2516700,53
2517000,52
2517300,51
2517600,50
2517900,49
2518200,48
2518500,47
2518800,46
2519100,45
2519400,44
2519700,43
2520000,42
2520300,41
2520600,40
2520900,39
2521200,38
2521500,37
2521800,36
2522100,35
2522400,34
2522700,33
2523000,32
2523300,31
2523600,30
2523900,29
2524200,28
2524500,27
