Up,110,0.550188,0.723708,0
Up,120,0.594614,0.775076,0
Up,130,0.603612,0.786220,0
Up,140,0.613055,0.797208,0
Up,150,0.657971,0.843592,0
Up,160,0.677673,0.864615,0
Up,170,0.677520,0.865107,0
Up,180,0.672723,0.861821,0
Up,190,0.688209,0.876806,0
Down,189,29,49,36,255600
Down,188,156,104,100,262200
Down,187,58,84,65,270600
Down,186,11,35,118,285900
Down,185,26,75,130,286200
Down,184,14,35,101,286500
Down,183,9,32,88,286800
Down,182,19,36,67,287100
Down,181,93,70,65,287400
Down,180,56,99,71,287700
Down,179,10,48,46,288000
Down,178,53,39,73,288300
Down,177,21,79,150,288600
Down,176,43,32,78,288900
Down,175,77,27,94,289800
Down,174,105,77,64,290100
Down,173,78,27,66,290400
Down,172,66,78,73,291000
Down,171,40,74,65,291300
Down,170,17,39,51,291600
Down,169,12,43,39,291900
Down,168,51,35,30,292200
Down,167,2,31,26,292500
Down,166,18,28,22,292800
Down,165,79,29,21,293100
Down,164,100,97,83,293400
Down,163,112,81,74,293700
Down,162,76,32,55,294000
Down,161,88,77,67,294300
Down,160,85,72,65,294600
Down,159,106,82,67,294900
Down,158,109,47,35,295200
Down,157,82,77,134,295500
Down,156,113,41,31,295800
Down,155,83,20,22,296100
Down,154,124,62,50,296400
Down,153,115,34,60,297900
Down,152,34,34,95,304500
Down,151,157,88,79,304800
Down,150,3,29,72,305700
Down,149,61,48,35,306000
Down,148,131,81,72,306300
Down,147,97,71,54,306600
Down,146,134,71,205,315900
Down,145,27,64,120,316500
Down,144,96,107,59,316800
Down,143,110,79,58,317100
Down,142,130,170,134,317700
Down,141,46,90,59,318000
Down,140,68,116,450,325200
Down,139,16,110,320,346800
Down,138,5,115,135,349200
Down,137,114,122,92,349500
Down,136,181,105,84,350100
Down,135,87,64,38,350400
Down,134,136,25,41,350700
Down,133,84,23,53,351000
Down,132,38,39,129,351900
Down,131,4,31,57,352800
Down,130,116,49,70,353100
Down,129,101,62,112,353400
Down,128,86,43,77,353700
Down,127,135,35,63,354000
Down,126,7,51,130,354300
Down,125,122,45,84,354600
Down,124,94,27,71,354900
Down,123,69,45,82,355200
Down,122,177,56,44,355500
Down,121,165,59,93,355800
Down,120,107,41,111,356100
Down,119,47,28,37,356400
Down,118,141,50,69,356700
Down,117,152,51,75,357000
Down,116,41,48,124,357300
Down,115,167,39,64,357900
Down,114,158,41,61,358500
Down,113,15,31,47,358800
Down,112,153,66,79,360300
Down,111,13,52,64,360600
Down,110,31,48,49,360900
Down,109,36,53,91,368100
Down,108,35,47,64,368400
Down,107,121,45,63,368700
Down,106,32,44,56,369000
Down,105,20,41,50,374400
Down,104,143,79,51,374700
Down,103,138,64,51,375000
Down,102,37,52,97,379200
Down,101,145,70,54,381600
Down,100,149,91,66,381900
Down,99,150,86,64,382200
Down,98,92,54,93,383400
Down,97,132,75,166,399000
Down,96,42,78,142,399300
Down,95,127,75,112,404700
Down,94,126,98,93,405000
Down,93,62,74,126,405300
Down,92,24,50,71,405600
Down,91,25,48,81,405900
Down,90,146,58,105,406200
Down,89,6,30,73,406500
Down,88,8,81,74,406800
Down,87,39,46,74,407100
Down,86,52,91,161,407400
Down,85,30,66,118,407700
Down,84,48,58,110,408000
Down,83,23,44,126,409800
Down,82,74,103,192,411600
Down,81,168,55,93,418800
Down,80,65,103,199,419100
Down,79,50,68,114,419700
Down,78,80,128,120,420000
Down,77,90,125,81,420300
Down,76,120,63,76,420600
Down,75,64,55,75,421200
Down,74,137,107,99,421500
Down,73,118,82,99,421800
Down,72,129,130,92,422400
Down,71,45,108,251,488400
Down,70,99,73,187,494700
Down,69,59,195,338,513900
Down,68,33,152,110,525600
Down,67,178,120,94,525900
Down,66,182,300,285,527100
Down,65,148,305,271,527400
Down,64,154,304,274,527700
Down,63,102,105,104,530400
Down,62,63,128,182,531600
Down,61,72,143,143,532500
Down,60,22,84,125,532800
Down,59,170,173,136,533100
Down,58,75,90,116,533400
Down,57,71,40,133,564600
Up,67,0.775601,0.657594,567000
Up,77,0.798835,0.612776,567000
Down,76,95,196,557,587700
Down,75,91,130,625,588000
Down,74,1,95,553,588300
Down,73,155,140,412,588600
Down,72,123,98,389,588900
Down,71,81,82,287,589200
Down,70,54,106,244,589500
Down,69,192,193,173,589800
Down,68,196,156,125,590100
Down,67,67,75,90,590400
Down,66,28,65,147,590700
Down,65,207,174,345,591000
Down,64,73,171,161,591300
Down,63,117,163,147,591600
Down,62,89,80,71,591900
Down,61,147,179,173,592200
Down,60,161,168,145,592500
Down,59,169,159,156,592800
Down,58,98,77,169,593100
Down,57,55,67,121,593400
Down,56,125,202,177,593700
Down,55,180,174,144,594000
Down,54,190,166,327,594300
Down,53,197,72,142,594600
Down,52,191,139,106,597600
Down,51,193,265,250,600000
Down,50,198,155,136,600300
Down,49,189,106,201,600900
Down,48,44,83,93,601500
Down,47,108,67,130,601800
Down,46,187,152,290,623100
Down,45,174,118,226,623400
Down,44,175,175,341,623700
Up,54,0.450614,0.518563,642000
Down,53,202,207,1318,642600
Down,52,104,61,383,642900
Down,51,220,151,895,643200
Down,50,163,51,294,643500
Down,49,212,25,168,643800
Down,48,119,206,385,644100
Down,47,195,120,551,644400
Up,57,0.748822,0.613442,648000
Up,67,0.779520,0.568525,648000
Up,77,0.754342,0.490863,658200
Down,76,140,135,791,669000
Down,75,142,124,618,669300
Down,74,139,191,69,669600
Down,73,49,90,130,669900
Down,72,200,87,96,670200
Down,71,228,110,89,670500
Down,70,172,129,83,670800
Down,69,164,54,102,671100
Down,68,176,98,156,671400
Down,67,222,93,169,672000
Down,66,57,71,138,672600
Down,65,225,95,177,672900
Down,64,162,49,68,673200
Down,63,232,71,200,673500
Down,62,166,145,572,673800
Up,72,0.784248,0.576164,678000
Up,82,0.856598,0.651962,690300
Up,92,0.800009,0.621996,744000
Up,102,0.862752,0.778869,750600
Up,112,0.868992,0.750682,759300
Down,111,179,81,70,781200
Down,110,173,102,118,783600
Down,109,159,98,188,783900
Down,108,128,62,115,784500
Down,107,201,62,161,785700
Down,106,111,41,62,786000
Down,105,252,78,148,786300
Down,104,70,49,136,786600
Down,103,171,64,116,786900
Down,102,199,63,182,787200
Down,101,223,55,146,787500
Down,100,206,66,127,789600
Down,99,266,152,106,792000
Down,98,277,122,108,792900
Down,97,255,66,171,793500
Down,96,230,57,158,794700
Down,95,240,82,158,796200
Down,94,231,69,189,801900
Down,93,221,82,156,802500
Down,92,246,110,109,802800
Down,91,160,80,148,803700
Up,101,0.680016,0.892230,818100
Down,100,144,85,217,852000
Down,99,209,101,180,852300
Down,98,219,74,96,852900
Down,97,226,128,73,853200
Down,96,188,106,103,853500
Down,95,185,126,242,853800
Down,94,208,87,198,857400
Up,104,0.864080,0.791386,929400
Up,114,0.870247,0.786330,929400
Down,113,184,100,186,941100
Down,112,244,67,96,943200
Down,111,216,121,84,943500
Down,110,186,94,94,961200
Down,109,308,154,132,961500
Down,108,313,105,94,961800
Down,107,194,157,274,962700
Down,106,210,119,217,966000
Down,105,203,81,149,973800
Down,104,322,158,133,974100
Down,103,320,135,126,974400
Down,102,204,89,146,974700
Down,101,324,149,124,975000
Down,100,264,257,224,976500
Down,99,214,96,176,976800
Down,98,103,65,172,977100
Down,97,217,57,118,978000
Down,96,247,236,199,1023300
Down,95,302,217,205,1032300
Down,94,236,62,96,1047600
Down,93,274,59,104,1047900
Down,92,300,63,111,1048200
Down,91,310,108,97,1048500
Down,90,309,362,354,1048800
Down,89,314,238,218,1049100
Down,88,311,136,126,1049400
Down,87,316,402,357,1052100
Down,86,318,384,341,1052400
Down,85,288,360,347,1054800
Down,84,307,431,381,1055100
Down,83,301,106,84,1055400
Down,82,325,275,230,1069200
Down,81,233,153,437,1081500
Down,80,227,149,287,1083000
Down,79,213,90,215,1083300
Down,78,271,147,135,1083600
Down,77,290,132,106,1083900
Down,76,211,123,231,1087800
Down,75,293,66,101,1088100
Down,74,253,166,133,1088400
Down,73,262,75,126,1088700
Down,72,315,87,91,1089600
Down,71,183,56,78,1091400
Down,70,151,63,52,1091700
Down,69,304,115,187,1093800
Down,68,215,64,194,1094100
Down,67,312,186,128,1094700
Down,66,245,21,37,1095300
Down,65,218,135,134,1128300
Down,64,237,100,96,1129500
Down,63,205,116,163,1131600
Down,62,297,179,342,1132800
Down,61,281,177,153,1133100
Down,60,303,212,198,1133400
Down,59,327,268,175,1133700
Down,58,224,309,273,1134000
Down,57,282,68,37,1134300
Down,56,229,140,115,1144500
Down,55,242,188,182,1221000
Down,54,133,266,255,1226400
Down,53,250,289,217,1232100
Up,63,0.828117,0.717847,1257600
Down,62,234,66,358,1266000
Down,61,235,130,182,1266900
Down,60,239,140,191,1267500
Down,59,251,401,1157,1284000
Down,58,268,62,171,1284300
Up,68,0.841476,0.610183,1291800
Up,78,0.866750,0.696936,1299600
Up,88,0.880672,0.674848,1299600
Up,98,0.764326,0.574700,1299900
Down,97,265,147,421,1311300
Down,96,260,166,324,1312500
Down,95,283,106,278,1312800
Down,94,353,293,252,1313100
Down,93,261,83,164,1313400
Down,92,238,96,166,1313700
Down,91,326,281,220,1314000
Down,90,376,225,213,1314300
Down,89,270,195,174,1314600
Down,88,371,163,149,1314900
Down,87,374,291,278,1315200
Down,86,333,288,271,1327200
Down,85,292,100,186,1327500
Down,84,363,329,315,1327800
Down,83,258,151,391,1329000
Down,82,269,60,109,1329300
Down,81,60,58,104,1329600
Down,80,344,179,156,1329900
Down,79,368,286,269,1330200
Down,78,362,327,313,1330500
Down,77,345,173,153,1330800
Down,76,356,294,273,1331100
Down,75,366,387,361,1331400
Down,74,370,362,342,1331700
Down,73,298,17,-7,1332000
Down,72,358,165,126,1332300
Down,71,241,86,80,1332600
Down,70,380,204,166,1333200
Down,69,361,190,168,1333800
Down,68,369,126,87,1336200
Down,67,291,283,276,1353900
Down,66,306,344,329,1354200
Down,65,337,290,278,1354500
Up,75,0.622573,0.586149,1414800
Down,74,248,211,203,1418400
Down,73,254,202,196,1418700
Down,72,284,200,186,1419000
Down,71,354,162,153,1419300
Down,70,321,100,385,1419900
Down,69,348,228,214,1420200
Down,68,323,175,166,1420500
Down,67,289,139,126,1421100
Down,66,342,202,172,1421400
Down,65,372,175,168,1421700
Down,64,329,137,123,1422000
Down,63,263,117,197,1422900
Down,62,385,338,317,1434000
Up,72,0.743010,0.803251,1458000
Up,82,0.831313,0.685345,1586700
Up,92,0.764340,0.674125,1596000
Up,102,0.783052,0.626417,1596000
Up,112,0.798422,0.587228,1596000
Up,122,0.811273,0.554463,1596000
Up,132,0.822177,0.526663,1596000
Up,142,0.831544,0.502778,1596000
Up,152,0.839680,0.482036,1596000
Up,162,0.846811,0.463855,1596000
Up,172,0.853112,0.447788,1596000
Up,182,0.858722,0.433486,1596000
Down,181,256,90,627,1596600
Down,180,257,84,600,1596900
Down,179,383,76,600,1597200
Down,178,243,76,562,1597500
Down,177,275,78,545,1597800
Down,176,352,90,531,1598100
Down,175,276,45,41,1598400
Down,174,332,56,53,1598700
Down,173,355,54,45,1599000
Down,172,389,70,67,1599300
Down,171,414,52,92,1599600
Down,170,410,50,94,1599900
Down,169,419,44,122,1600200
Down,168,420,38,99,1600500
Down,167,430,31,63,1600800
Down,166,418,46,77,1601100
Down,165,280,42,78,1601400
Down,164,357,39,73,1601700
Down,163,331,61,298,1602600
Down,162,496,62,182,1602900
Down,161,249,47,139,1603200
Down,160,490,44,120,1603500
Down,159,481,42,114,1603800
Down,158,273,31,145,1604100
Down,157,279,39,140,1604400
Down,156,319,49,104,1604700
Down,155,351,33,96,1605000
Down,154,388,32,113,1605300
Down,153,378,60,99,1605600
Down,152,296,57,52,1605900
Down,151,416,91,83,1606200
Down,150,422,88,75,1606500
Down,149,425,63,52,1606800
Down,148,460,52,44,1607100
Down,147,426,73,60,1607400
Down,146,377,26,45,1608000
Down,145,428,68,61,1608300
Down,144,438,73,68,1608600
Down,143,421,47,37,1608900
Down,142,294,39,36,1609200
Down,141,493,100,91,1609500
Down,140,482,97,81,1609800
Down,139,442,40,69,1610100
Down,138,463,42,61,1610400
Down,137,411,37,62,1610700
Down,136,444,36,63,1611000
Down,135,427,42,69,1611300
Down,134,404,35,59,1611600
Down,133,330,35,58,1611900
Down,132,504,65,55,1612200
Down,131,340,59,53,1612500
Down,130,287,71,67,1612800
Down,129,346,107,96,1613100
Down,128,497,92,91,1613400
Down,127,494,87,143,1613700
Down,126,487,61,111,1614000
Down,125,492,44,87,1614300
Down,124,505,71,67,1614600
Down,123,434,102,99,1614900
Down,122,413,89,81,1615200
Down,121,347,44,84,1615500
Down,120,396,80,227,1616100
Down,119,412,89,61,1616400
Down,118,381,55,100,1618500
Down,117,379,36,72,1618800
Down,116,440,74,67,1619100
Down,115,448,73,63,1619400
Down,114,461,101,100,1621200
Down,113,278,117,100,1621500
Down,112,472,92,86,1621800
Down,111,454,111,104,1622100
Down,110,305,29,80,1622400
Down,109,272,55,47,1622700
Down,108,382,45,40,1623000
Down,107,394,30,53,1623300
Down,106,350,55,41,1623600
Down,105,408,40,33,1623900
Down,104,398,49,36,1624200
Down,103,468,92,83,1625100
Down,102,359,52,52,1625400
Down,101,443,112,95,1626300
Down,100,402,100,90,1628400
Down,99,445,94,78,1628700
Down,98,424,61,55,1630800
Down,97,451,110,97,1631100
Down,96,488,51,81,1632300
Down,95,467,85,68,1632600
Down,94,465,90,73,1632900
Down,93,483,42,65,1633200
Down,92,473,42,62,1633500
Down,91,502,205,148,1634100
Down,90,501,119,114,1645800
Down,89,390,60,168,1646100
Down,88,441,34,88,1646400
Down,87,464,83,77,1646700
Down,86,407,113,106,1647000
Down,85,341,34,64,1647300
Down,84,334,40,100,1648200
Down,83,259,46,52,1648800
Down,82,439,115,221,1649700
Down,81,455,68,188,1650000
Down,80,392,46,88,1650300
Down,79,503,97,88,1650600
Down,78,299,38,109,1650900
Down,77,466,36,104,1651200
Down,76,446,51,96,1651500
Down,75,349,60,169,1652400
Down,74,367,40,108,1652700
Down,73,286,47,129,1653000
Down,72,295,51,142,1653300
Down,71,403,24,89,1653600
Down,70,486,45,171,1654200
Down,69,436,56,211,1654500
Down,68,339,27,96,1654800
Down,67,393,83,60,1656000
Down,66,498,186,138,1656300
Down,65,508,159,146,1656600
Down,64,489,188,175,1659900
Down,63,469,66,81,1664100
Down,62,423,182,149,1666800
Down,61,447,226,196,1667100
Down,60,267,65,116,1667700
Down,59,391,99,306,1674900
Up,69,0.776495,0.563629,1695900
Up,79,0.796376,0.538960,1695900
Up,89,0.870829,0.594878,1696200
Down,88,400,95,453,1713000
Down,87,364,185,314,1713300
Down,86,317,87,81,1713600
Down,85,406,94,82,1713900
Down,84,429,102,99,1714200
Down,83,336,100,303,1730700
Down,82,328,86,149,1731300
Down,81,470,96,85,1731600
Down,80,459,78,154,1731900
Down,79,409,87,77,1732200
Down,78,456,114,102,1732500
Down,77,474,94,83,1732800
Down,76,285,82,69,1733100
Down,75,335,72,132,1733400
Down,74,491,119,106,1733700
Down,73,520,108,103,1734000
Down,72,462,126,110,1734300
Down,71,386,50,81,1734600
Down,70,518,95,83,1734900
Down,69,515,131,108,1735200
Down,68,499,94,240,1737600
Down,67,384,45,76,1737900
Down,66,387,80,67,1738200
Down,65,507,68,56,1738500
Down,64,521,76,63,1738800
Down,63,480,50,88,1739100
Down,62,510,66,47,1739400
Down,61,530,218,108,1739700
Down,60,537,121,87,1740000
Down,59,343,37,29,1740300
Down,58,405,93,134,1744200
Down,57,437,65,109,1744500
Down,56,535,128,99,1745400
Down,55,365,60,86,1745700
Down,54,526,69,35,1746000
Down,53,399,111,91,1746300
Down,52,525,114,98,1746600
Up,62,0.784786,0.638526,1746900
Down,61,338,102,109,1764000
Down,60,528,151,286,1764300
Down,59,375,82,200,1764600
Down,58,373,135,134,1764900
Down,57,527,115,79,1765200
Down,56,475,131,116,1765500
Down,55,458,124,95,1765800
Down,54,543,155,117,1766100
Down,53,532,101,92,1766400
Down,52,522,112,92,1766700
Down,51,395,122,111,1767000
Down,50,449,97,81,1767300
Down,49,534,100,51,1767600
Down,48,519,119,109,1767900
Down,47,417,101,95,1768200
Down,46,513,154,130,1768500
Up,56,0.764134,0.645343,1770600
Down,55,531,235,654,1779600
Down,54,457,108,429,1779900
Down,53,450,77,268,1780200
Down,52,559,103,199,1780500
Down,51,433,50,186,1780800
Down,50,360,61,177,1781100
Down,49,415,57,170,1781400
Down,48,401,79,135,1781700
Down,47,545,235,205,1782000
Down,46,549,257,212,1782300
Down,45,551,320,246,1782600
Down,44,555,310,251,1782900
Down,43,431,119,107,1783200
Down,42,484,69,133,1783500
Down,41,506,64,117,1783800
Down,40,546,121,89,1784100
Down,39,538,144,84,1784400
Down,38,435,106,84,1784700
Down,37,558,308,264,1785000
Down,36,471,84,139,1785300
Down,35,536,172,302,1785600
Down,34,495,196,167,1785900
Down,33,477,118,156,1786500
Up,43,0.715645,0.674695,1787100
Up,53,0.748706,0.630177,1787100
Down,52,579,178,951,1797600
Down,51,500,200,489,1797900
Down,50,547,150,369,1798200
Down,49,540,115,320,1798500
Down,48,452,77,314,1798800
Down,47,432,99,243,1799100
Down,46,453,58,179,1799400
Down,45,548,60,173,1799700
Down,44,542,96,91,1800000
Down,43,514,69,127,1800300
Down,42,556,124,187,1800600
Down,41,557,139,197,1800900
Down,40,552,127,109,1801200
Down,39,570,229,201,1801500
Down,38,566,198,182,1801800
Down,37,554,134,212,1802100
Down,36,571,404,394,1802400
Down,35,512,384,288,1802700
Down,34,479,93,130,1803000
Down,33,523,151,119,1803300
Down,32,565,349,262,1803600
Down,31,573,339,309,1803900
Down,30,509,121,118,1804200
Down,29,517,325,285,1804500
Down,28,533,90,141,1804800
Down,27,539,305,312,1805700
Down,26,476,290,278,1807800
Down,25,569,277,540,1809900
Down,24,553,401,266,1821600
Down,23,485,241,595,1826700
Down,22,544,338,344,1829700
Up,32,0.461860,0.630659,1834800
Down,31,550,191,352,1838100
Down,30,524,153,269,1838400
Down,29,568,139,277,1838700
Down,28,578,272,184,1839000
Down,27,397,224,180,1839300
Down,26,581,308,102,1839600
Down,25,478,219,174,1839900
Down,24,582,263,208,1840200
Up,34,0.653524,0.617112,1842600
Up,44,0.705003,0.576646,1842600
Up,54,0.801149,0.523260,1848000
Up,64,0.804695,0.595280,1848900
Up,74,0.856827,0.637041,1850400
Down,73,587,135,253,1865400
Down,72,624,90,261,1871700
Down,71,564,132,114,1872000
Down,70,606,101,79,1872300
Down,69,574,77,117,1872600
Down,68,632,221,185,1872900
Down,67,575,111,86,1873200
Down,66,625,88,56,1873500
Down,65,580,28,54,1873800
Down,64,633,359,353,1874100
Down,63,562,368,680,1874400
Down,62,576,48,77,1874700
Down,61,631,357,320,1875000
Down,60,591,71,108,1875300
Down,59,618,355,323,1875600
Down,58,567,53,52,1875900
Up,68,0.776364,0.802365,1889100
Down,67,594,152,297,1898100
Up,77,0.478334,0.613238,1902900
Down,76,516,214,155,1906500
Down,75,595,108,318,1906800
Down,74,616,130,115,1907100
Up,84,0.805356,0.720305,1951500
Up,94,0.821297,0.683570,1951500
Up,104,0.625343,0.811888,1977600
Down,103,563,160,157,2000400
Down,102,610,168,159,2000700
Down,101,615,123,232,2011800
Down,100,646,127,108,2013300
Down,99,572,85,157,2013600
Down,98,663,130,121,2026800
Down,97,656,126,243,2032800
Down,96,590,55,181,2033700
Down,95,628,138,124,2034000
Down,94,665,199,188,2034300
Down,93,677,177,165,2037900
Down,92,679,43,62,2038200
Down,91,620,185,173,2038800
Down,90,659,177,166,2039100
Down,89,511,51,88,2039400
Down,88,592,48,83,2039700
Down,87,680,40,69,2040000
Down,86,611,40,62,2040300
Down,85,614,65,112,2044200
Down,84,690,257,246,2045100
Down,83,560,72,69,2056200
Up,93,0.655806,0.800829,2060400
Down,92,609,96,266,2082300
Up,102,0.868728,0.505983,2082300
Up,112,0.876438,0.474198,2082300
Up,122,0.882884,0.447625,2082300
Up,132,0.888354,0.425077,2082300
Up,142,0.893053,0.405706,2082300
Up,152,0.897134,0.388883,2082300
Up,162,0.900711,0.374137,2082300
Up,172,0.903872,0.361106,2082300
Up,182,0.906685,0.349507,2082300
Up,192,0.909206,0.339116,2082300
Up,202,0.911477,0.329754,2082300
Up,212,0.913534,0.321275,2082300
Up,222,0.915405,0.313560,2082300
Down,221,699,131,507,2082900
Down,220,635,108,441,2083200
Down,219,622,54,317,2083500
Down,218,604,64,312,2083800
Down,217,585,63,305,2084100
Down,216,630,78,69,2084400
Down,215,584,55,99,2084700
Down,214,698,78,143,2085000
Down,213,725,72,138,2085300
Down,212,729,69,131,2085600
Down,211,599,76,138,2085900
Down,210,742,139,134,2086200
Down,209,700,121,116,2086500
Down,208,653,59,155,2086800
Down,207,762,130,126,2087100
Down,206,711,136,112,2087400
Down,205,612,35,76,2087700
Down,204,613,57,50,2088000
Down,203,734,70,68,2088300
Down,202,805,132,113,2088600
Down,201,639,49,43,2088900
Down,200,692,69,61,2089200
Down,199,704,92,87,2089500
Down,198,660,45,41,2089800
Down,197,793,134,128,2090100
Down,196,802,138,127,2090400
Down,195,817,135,123,2090700
Down,194,733,79,75,2091000
Down,193,818,136,121,2091300
Down,192,806,132,124,2091600
Down,191,541,95,61,2091900
Down,190,813,136,124,2092200
Down,189,669,43,63,2092500
Down,188,643,34,57,2092800
Down,187,790,55,51,2093100
Down,186,621,51,44,2093400
Down,185,759,46,39,2093700
Down,184,586,42,83,2094000
Down,183,709,74,72,2094300
Down,182,617,66,63,2094600
Down,181,623,72,67,2094900
Down,180,600,62,58,2095200
Down,179,662,46,45,2095500
Down,178,605,80,76,2095800
Down,177,797,50,46,2096100
Down,176,607,69,60,2096400
Down,175,673,61,111,2096700
Down,174,741,52,85,2097000
Down,173,814,191,184,2097300
Down,172,730,43,122,2097600
Down,171,529,48,87,2097900
Down,170,638,65,53,2098200
Down,169,657,80,73,2098500
Down,168,671,107,197,2098800
Down,167,649,64,135,2099100
Down,166,727,83,147,2099400
Down,165,780,124,120,2099700
Down,164,676,115,222,2100000
Down,163,721,122,236,2100300
Down,162,785,138,122,2100600
Down,161,629,115,218,2100900
Down,160,675,170,327,2101200
Down,159,674,70,128,2101500
Down,158,652,58,107,2101800
Down,157,696,108,105,2102400
Down,156,753,124,106,2102700
Down,155,703,55,51,2103000
Down,154,705,55,48,2103300
Down,153,740,56,105,2103600
Down,152,744,42,76,2103900
Down,151,716,68,123,2104200
Down,150,766,74,136,2104500
Down,149,801,125,118,2104800
Down,148,713,124,118,2105100
Down,147,654,123,117,2105400
Down,146,701,117,112,2105700
Down,145,688,124,109,2106000
Down,144,691,99,90,2106300
Down,143,735,87,80,2106600
Down,142,714,75,126,2106900
Down,141,715,73,70,2107200
Down,140,724,219,212,2107500
Down,139,686,216,209,2107800
Down,138,706,218,214,2108100
Down,137,743,231,217,2108400
Down,136,626,48,134,2108700
Down,135,770,57,90,2109000
Down,134,702,59,221,2115900
Down,133,728,58,211,2116200
Down,132,745,74,199,2116500
Down,131,746,113,75,2116800
Down,130,816,102,87,2117100
Down,129,683,48,187,2125800
Down,128,811,95,181,2126400
Down,127,758,67,52,2127600
Down,126,684,61,58,2127900
Down,125,775,113,107,2128200
Down,124,778,45,80,2128500
Down,123,642,109,215,2133300
Down,122,750,58,111,2133600
Down,121,708,56,105,2133900
Down,120,694,58,79,2134800
Down,119,748,103,110,2135100
Down,118,644,91,75,2135400
Down,117,820,59,114,2136000
Down,116,664,108,91,2136300
Down,115,712,95,85,2136600
Down,114,636,82,75,2136900
Down,113,722,102,196,2137200
Down,112,637,81,72,2137500
Down,111,765,105,89,2139600
Down,110,799,45,69,2199600
Down,109,583,39,92,2199900
Down,108,682,118,101,2200200
Down,107,718,76,118,2200500
Down,106,597,80,74,2200800
Down,105,788,107,202,2203800
Down,104,726,71,134,2204100
Down,103,602,59,112,2204400
Down,102,634,55,95,2204700
Down,101,768,69,368,2205300
Down,100,668,26,134,2205600
Down,99,719,49,274,2206200
Down,98,658,35,190,2206500
Down,97,650,117,232,2216100
Down,96,829,44,222,2216400
Down,95,601,86,165,2216700
Down,94,689,81,158,2217000
Down,93,651,42,153,2217300
Down,92,593,53,70,2217600
Down,91,648,76,144,2217900
Down,90,707,72,180,2220900
Down,89,736,142,100,2221200
Down,88,796,151,144,2221500
Down,87,589,156,292,2221800
Down,86,672,161,292,2222100
Down,85,723,79,149,2223300
Down,84,756,166,153,2223900
Down,83,769,167,139,2224200
Down,82,781,176,152,2224500
Down,81,763,57,82,2224800
Down,80,749,231,206,2225100
Down,79,804,216,200,2226600
Down,78,739,39,99,2226900
Down,77,791,213,205,2227200
Down,76,670,216,199,2227500
Down,75,655,68,264,2227800
Down,74,731,235,251,2228100
Down,73,588,251,217,2228700
Up,83,0.475268,0.506778,2235600
Up,93,0.412774,0.452432,2235900
Down,92,812,253,752,2236200
Down,91,825,104,397,2236500
Down,90,843,233,216,2236800
Down,89,847,240,219,2237100
Up,99,0.874967,0.656598,2245500
Down,98,596,159,313,2274900
Down,97,803,126,70,2275200
Down,96,798,86,60,2275500
Down,95,840,79,66,2275800
Down,94,687,87,63,2276100
Down,93,859,65,94,2276400
Down,92,577,42,34,2276700
Down,91,627,97,93,2277000
Down,90,647,75,74,2278800
Down,89,755,66,292,2284500
Down,88,772,276,817,2305200
Down,87,824,145,277,2305500
Down,86,832,146,134,2319900
Down,85,697,170,167,2320500
Down,84,732,178,147,2320800
Down,83,819,143,129,2321100
Down,82,777,120,323,2321700
Down,81,826,237,456,2324100
Down,80,823,166,296,2326500
Down,79,827,120,231,2327400
Down,78,809,172,335,2328000
Down,77,856,159,306,2328300
Down,76,667,156,295,2328600
Down,75,685,138,382,2333100
Down,74,836,102,290,2336700
Down,73,608,71,192,2337000
Down,72,828,188,175,2337300
Down,71,754,146,138,2338200
Down,70,837,153,278,2338500
Down,69,858,236,222,2338800
Down,68,661,90,169,2339100
Down,67,747,206,369,2339400
Down,66,720,197,565,2344500
Down,65,738,124,234,2345100
Down,64,693,122,212,2345400
Down,63,782,187,340,2345700
Down,62,710,86,196,2346000
Down,61,737,71,138,2346300
Down,60,764,201,184,2346600
Down,59,787,204,150,2346900
Down,58,784,166,145,2347200
Down,57,845,179,178,2347500
Down,56,835,118,108,2347800
Down,55,789,343,651,2348100
Down,54,855,363,323,2348400
Down,53,752,150,91,2358000
Down,52,841,159,100,2368800
Down,51,854,417,370,2369100
Down,50,815,89,89,2370900
Down,49,807,87,168,2371200
Down,48,773,144,215,2372400
Down,47,760,133,98,2372700
Up,57,0.675924,0.790181,2380800
Down,56,645,106,283,2396100
Down,55,808,127,246,2396400
Down,54,830,240,215,2396700
Down,53,866,123,227,2397900
Down,52,678,120,190,2398200
Down,51,771,128,152,2398500
Down,50,640,71,129,2398800
Down,49,831,229,149,2399100
Down,48,838,230,159,2399400
Down,47,641,136,212,2399700
Down,46,862,194,190,2400300
Down,45,603,194,176,2400600
Down,44,842,168,158,2400900
Down,43,848,143,100,2401200
Down,42,681,131,334,2401500
Down,41,864,276,512,2402100
Down,40,810,107,73,2402400
Down,39,779,110,166,2402700
Down,38,860,241,169,2403000
Down,37,865,231,216,2403300
Up,47,0.522911,0.751982,2408400
Up,57,0.490946,0.809567,2409300
Down,56,792,155,298,2422500
Down,55,695,142,230,2422800
Down,54,833,159,79,2423400
Down,53,846,105,205,2423700
Down,52,863,178,160,2424000
Down,51,822,106,206,2424300
Down,50,887,201,164,2424600
Down,49,757,143,243,2425200
Down,48,874,134,127,2425500
Down,47,800,77,145,2425800
Up,57,0.806554,0.639692,2445900
Down,56,751,187,363,2463600
Up,66,0.784236,0.541350,2464200
Up,76,0.846801,0.394947,2474700
Up,86,0.861727,0.370096,2478000
Up,96,0.871401,0.338053,2478000
Down,95,861,113,1111,2478900
Down,94,892,90,652,2479200
Down,93,883,92,539,2479500
Down,92,877,144,514,2480100
Down,91,871,173,104,2480400
Up,101,0.871833,0.252162,2480400
Down,100,868,87,85,2484000
Down,99,936,327,318,2484300
Down,98,619,40,75,2484600
Down,97,924,78,64,2484900
Down,96,598,43,47,2485200
Down,95,876,417,406,2485500
Down,94,898,79,41,2485800
Down,93,908,416,392,2486100
Down,92,783,81,77,2486400
Down,91,873,70,67,2486700
Down,90,857,68,59,2487000
Down,89,852,67,67,2487300
Down,88,885,56,54,2487600
Down,87,561,109,101,2487900
Down,86,853,106,100,2488200
Down,85,933,111,104,2488500
Down,84,849,59,55,2488800
Down,83,850,57,57,2489100
Down,82,942,101,93,2489400
Up,92,0.851485,0.180522,2489400
Up,102,0.862261,0.166193,2489400
Up,112,0.871113,0.154423,2489400
Up,122,0.878513,0.144582,2489400
Down,121,867,282,1400,2496300
Down,120,989,110,873,2497200
Down,119,795,105,934,2497500
Down,118,922,60,652,2497800
Down,117,888,86,340,2498100
Down,116,909,148,143,2498400
Down,115,900,76,76,2498700
Down,114,767,62,62,2499000
Down,113,986,265,255,2499300
Down,112,902,57,53,2499600
Down,111,886,51,51,2499900
Down,110,949,121,118,2500200
Down,109,880,43,86,2500500
Down,108,916,115,109,2500800
Down,107,932,58,57,2501100
Down,106,896,51,51,2501400
Down,105,761,50,50,2501700
Down,104,870,156,153,2502000
Down,103,889,50,50,2502300
Down,102,923,146,143,2502600
Down,101,925,54,51,2502900
Down,100,937,414,409,2503200
Down,99,945,404,399,2503500
Down,98,951,403,392,2503800
Down,97,953,376,746,2504100
Down,96,929,224,219,2504400
Down,95,919,43,74,2504700
Down,94,955,549,524,2505000
Down,93,786,22,21,2505300
Down,92,821,43,41,2505600
Down,91,990,586,582,2505900
Down,90,834,33,62,2506200
Down,89,920,607,579,2506500
Down,88,872,55,97,2506800
Down,87,851,34,67,2507100
Down,86,907,42,41,2507400
Down,85,894,39,40,2507700
Down,84,891,38,35,2508000
Down,83,921,36,34,2508300
Down,82,926,59,57,2508600
Down,81,939,49,47,2508900
Down,80,947,66,65,2509200
Down,79,950,44,43,2509500
Down,78,943,39,37,2509800
Down,77,904,35,32,2510100
Down,76,970,49,46,2510400
Down,75,971,46,42,2510700
Down,74,878,53,49,2511000
Down,73,973,42,39,2511300
Down,72,895,62,27,2511600
Down,71,897,55,14,2511900
Down,70,774,25,0,2512200
Down,69,903,59,15,2512500
Down,68,906,53,7,2512800
Down,67,910,34,13,2513100
Down,66,776,15,12,2513400
Down,65,875,43,41,2513700
Down,64,961,620,574,2514000
Down,63,882,49,47,2514300
Down,62,946,660,574,2514600
Down,61,913,55,59,2514900
Down,60,914,65,63,2515200
Down,59,956,651,581,2515500
Down,58,794,53,49,2515800
Down,57,940,58,162,2516100
Down,56,905,93,87,2516400
Down,55,927,59,53,2516700
Down,54,934,80,73,2517000
Down,53,941,69,54,2517300
Down,52,879,22,18,2517600
Down,51,984,609,579,2517900
Down,50,935,613,581,2518200
Down,49,959,683,579,2518500
Down,48,931,99,106,2518800
Down,47,958,96,85,2519100
Down,46,965,635,593,2519400
Down,45,952,103,96,2519700
Down,44,938,140,138,2520000
Down,43,983,620,613,2520300
Down,42,928,51,30,2520600
Down,41,944,714,597,2520900
Down,40,884,54,50,2521200
Down,39,963,668,595,2521500
Down,38,977,661,594,2521800
Down,37,912,43,39,2523600
Down,36,893,27,21,2527200
