Up,110,0.550188,0.723708,0
Up,120,0.594614,0.775076,0
Up,130,0.603612,0.786220,0
Up,140,0.613055,0.797208,0
Up,150,0.657971,0.843592,0
Up,160,0.677673,0.864615,0
Up,170,0.677520,0.865107,0
Up,180,0.672723,0.861821,0
Up,190,0.688209,0.876806,0
Down,189,55,30,64,103800
Down,188,6,43,46,104400
Down,187,13,28,48,104700
Down,186,1,29,48,105300
Down,185,9,27,70,109200
Down,184,57,24,60,109500
Down,183,31,31,61,113100
Down,182,11,35,58,113400
Down,181,8,34,60,113700
Down,180,88,28,48,114000
Down,179,87,19,47,114300
Down,178,127,24,44,114600
Down,177,78,38,61,114900
Down,176,28,18,18,133200
Down,175,35,20,30,133500
Down,174,65,20,83,133800
Down,173,71,35,138,136500
Down,172,4,30,38,137400
Down,171,3,24,37,138000
Down,170,73,34,56,138600
Down,169,12,37,57,144300
Down,168,7,29,46,144600
Down,167,2,30,38,144900
Down,166,24,28,34,145500
Down,165,15,22,28,146100
Down,164,23,22,31,146400
Down,163,102,21,23,146700
Down,162,30,29,28,147600
Up,172,0.869513,0.669223,187800
Up,182,0.874221,0.644627,187800
Up,192,0.875951,0.623587,187800
Down,191,20,44,56,191100
Down,190,17,28,40,191400
Down,189,25,34,65,191700
Down,188,75,34,67,192000
Down,187,77,30,54,192300
Down,186,194,114,106,192600
Down,185,26,43,42,192900
Down,184,159,39,37,193200
Down,183,54,19,35,193500
Down,182,139,35,32,193800
Down,181,186,39,32,194100
Down,180,29,23,40,194400
Down,179,182,64,53,196200
Down,178,214,65,56,199500
Down,177,42,29,79,201300
Down,176,148,35,58,203700
Down,175,18,18,18,205200
Down,174,32,18,21,205500
Down,173,86,23,54,206400
Down,172,37,32,69,207300
Down,171,43,29,46,219600
Down,170,136,40,50,219900
Down,169,209,111,187,220800
Down,168,125,20,42,231600
Down,167,5,22,48,234600
Down,166,51,34,33,237600
Down,165,41,33,27,237900
Down,164,168,92,66,255600
Down,163,215,100,75,255900
Down,162,220,87,71,256200
Down,161,193,81,71,257400
Down,160,126,96,88,257700
Down,159,16,44,80,258000
Down,158,115,85,75,258300
Down,157,94,103,94,260700
Down,156,108,85,78,261000
Down,155,121,31,87,261300
Down,154,176,88,73,261600
Down,153,117,27,72,261900
Down,152,85,22,59,262200
Down,151,150,56,43,262800
Down,150,14,33,86,268500
Down,149,56,87,70,270000
Down,148,104,68,44,270300
Down,147,33,27,43,270600
Down,146,39,28,42,271200
Down,145,178,72,49,271500
Down,144,184,73,57,272400
Down,143,64,114,313,285900
Down,142,62,55,136,286200
Down,141,98,37,105,286500
Down,140,113,30,82,286800
Down,139,97,41,79,287100
Down,138,124,111,180,287400
Down,137,128,31,85,287700
Down,136,93,54,43,288000
Down,135,66,46,86,288300
Down,134,81,45,126,289800
Down,133,120,42,110,290100
Down,132,101,32,82,290400
Down,131,83,39,88,291000
Down,130,119,45,76,291300
Down,129,96,52,46,291600
Down,128,61,30,54,291900
Down,127,69,96,92,292200
Down,126,74,79,76,292500
Down,125,109,37,74,292800
Down,124,10,39,30,293100
Down,123,91,82,64,293400
Down,122,155,69,61,293700
Down,121,114,45,79,294000
Down,120,123,81,153,294300
Down,119,137,88,153,294600
Down,118,138,77,135,294900
Down,117,135,88,70,295200
Down,116,143,71,59,295800
Down,115,132,37,86,296400
Down,114,153,81,143,305700
Down,113,106,75,36,306000
Down,112,158,76,59,306300
Down,111,197,85,62,306600
Down,110,166,32,82,315900
Down,109,103,45,74,316500
Down,108,48,86,58,316800
Down,107,145,74,41,317100
Down,106,170,66,54,317700
Down,105,122,29,68,318600
Up,115,0.900078,0.734562,322500
Down,114,230,51,210,325200
Up,124,0.728702,0.668900,337800
Down,123,22,86,241,346200
Down,122,118,87,167,346500
Down,121,46,54,222,346800
Down,120,112,47,138,347100
Down,119,49,50,92,347400
Down,118,141,33,97,347700
Down,117,45,43,82,348000
Down,116,133,39,71,348300
Down,115,169,80,70,348600
Down,114,38,72,63,348900
Down,113,68,58,55,349200
Down,112,154,76,61,349500
Down,111,95,44,72,349800
Down,110,40,45,66,350100
Down,109,207,89,67,350400
Down,108,208,28,45,350700
Down,107,195,79,62,351000
Down,106,192,85,71,351300
Down,105,44,52,137,351600
Down,104,161,56,94,351900
Down,103,89,33,119,352500
Down,102,144,59,107,352800
Down,101,229,70,127,353100
Down,100,157,67,63,353400
Down,99,140,32,67,353700
Down,98,70,72,62,354000
Down,97,99,70,122,354300
Down,96,50,51,98,354600
Down,95,185,52,87,354900
Down,94,130,51,145,355200
Down,93,203,106,67,355500
Down,92,82,26,57,355800
Down,91,163,46,122,356100
Down,90,63,41,49,356400
Down,89,27,55,123,356700
Down,88,131,28,71,357000
Down,87,160,49,66,357300
Down,86,134,43,57,357600
Down,85,90,49,129,357900
Down,84,100,69,85,358500
Down,83,227,50,92,358800
Down,82,210,104,81,360600
Down,81,146,34,73,360900
Down,80,21,58,92,367800
Down,79,59,56,87,368100
Down,78,110,62,88,368400
Down,77,58,48,80,368700
Down,76,36,54,80,369000
Down,75,205,60,80,374700
Down,74,80,86,165,379200
Down,73,105,51,82,383400
Down,72,174,96,228,399000
Down,71,47,121,186,404700
Down,70,92,87,156,405000
Down,69,67,71,98,405600
Down,68,79,59,110,405900
Down,67,72,56,136,406200
Down,66,180,61,104,406500
Down,65,107,100,84,406800
Down,64,116,107,100,407100
Down,63,142,99,197,407400
Down,62,111,83,156,407700
Down,61,189,96,97,408000
Down,60,149,66,121,409800
Down,59,165,107,310,419100
Down,58,52,109,180,419700
Down,57,34,93,181,420000
Down,56,152,87,110,420300
Down,55,162,131,186,420600
Down,54,84,70,116,421500
Up,64,0.576772,0.787295,442800
Down,63,179,129,43,478800
Down,62,218,85,121,479100
Down,61,129,97,122,479400
Down,60,19,96,235,482700
Down,59,177,88,401,483000
Down,58,76,74,294,483300
Down,57,164,97,187,484500
Down,56,190,106,176,484800
Down,55,212,63,233,485100
Down,54,183,113,214,488400
Down,53,53,51,49,489600
Down,52,191,108,217,494700
Down,51,181,122,361,527100
Down,50,171,138,244,527400
Down,49,222,106,168,527700
Down,48,216,192,108,530100
Down,47,250,227,191,531600
Down,46,175,68,197,533100
Down,45,173,83,127,533400
Up,55,0.665777,0.792682,550500
Down,54,248,130,122,561000
Down,53,238,169,160,561300
Down,52,60,63,60,561600
Down,51,147,38,78,562200
Down,50,239,83,277,564300
Down,49,199,307,281,564600
Down,48,151,162,161,566400
Up,58,0.734595,0.663685,567000
Up,68,0.766934,0.612040,567000
Down,67,254,320,1562,587700
Down,66,232,132,781,588000
Down,65,156,100,588,588300
Down,64,167,94,494,588600
Down,63,217,101,467,588900
Down,62,245,93,415,589200
Down,61,234,87,374,589500
Down,60,258,75,213,589800
Down,59,272,264,221,590100
Down,58,196,94,92,590400
Down,57,261,164,153,590700
Down,56,172,59,72,591000
Down,55,202,81,77,591300
Down,54,188,81,61,591600
Down,53,276,208,200,591900
Down,52,270,263,248,592200
Down,51,249,406,379,592500
Down,50,257,457,444,592800
Down,49,246,429,819,593100
Down,48,263,410,371,593400
Down,47,228,74,187,593700
Down,46,211,76,50,594000
Down,45,266,66,111,594300
Down,44,279,417,411,594600
Down,43,247,439,423,599700
Down,42,251,493,430,600000
Down,41,219,89,144,600900
Down,40,206,75,199,601500
Down,39,265,504,423,601800
Down,38,221,82,119,602100
Up,48,0.515676,0.560444,604500
Down,47,253,272,217,604800
Down,46,287,287,261,605100
Down,45,278,255,258,605400
Down,44,231,239,235,605700
Down,43,213,479,468,606000
Down,42,240,516,980,606300
Down,41,269,475,432,607500
Down,40,241,118,226,610500
Down,39,262,87,167,610800
Up,49,0.750697,0.531530,619800
Down,48,288,471,1394,620400
Down,47,187,144,482,620700
Down,46,233,79,339,621000
Down,45,255,93,235,621300
Down,44,299,492,410,621600
Down,43,252,83,225,621900
Down,42,243,66,207,622200
Down,41,300,538,469,622500
Down,40,198,61,110,623100
Down,39,260,106,92,623400
Down,38,295,504,492,623700
Down,37,235,88,87,627300
Down,36,223,360,355,633600
Up,46,0.519042,0.600955,642000
Down,45,237,461,3202,642600
Down,44,225,128,391,642900
Down,43,224,96,335,643200
Down,42,236,201,182,643500
Down,41,264,194,188,643800
Down,40,267,175,320,644100
Down,39,303,94,140,644400
Down,38,244,180,505,644700
Up,48,0.706436,0.675901,648000
Up,58,0.749206,0.613246,648000
Up,68,0.779396,0.569019,648000
Up,78,0.712605,0.464895,658200
Down,77,290,90,353,667500
Down,76,259,251,240,668400
Down,75,341,185,526,668700
Down,74,291,232,922,669000
Down,73,350,122,451,669300
Down,72,327,174,151,669600
Down,71,226,124,120,669900
Down,70,296,96,92,670200
Down,69,201,74,72,670500
Down,68,309,179,140,670800
Down,67,313,218,210,671100
Down,66,318,140,122,671400
Down,65,340,182,161,671700
Down,64,345,227,226,672000
Down,63,286,201,373,672300
Down,62,334,182,166,672600
Down,61,273,80,155,672900
Down,60,323,140,112,673200
Down,59,317,109,312,673500
Down,58,335,203,566,673800
Down,57,320,222,378,674400
Up,67,0.791155,0.609719,678000
Up,77,0.853378,0.686507,690300
Down,76,282,132,256,716700
Down,75,293,84,246,717000
Down,74,242,138,259,739200
Up,84,0.791531,0.619226,744000
Up,94,0.826581,0.697378,748500
Up,104,0.772852,0.667532,750600
Down,103,347,58,310,767100
Down,102,292,177,348,778500
Down,101,343,125,77,781200
Down,100,374,109,96,781800
Down,99,337,116,111,782100
Down,98,275,174,168,782400
Down,97,285,148,141,782700
Down,96,305,153,146,783000
Down,95,361,150,134,783300
Down,94,280,47,89,783600
Down,93,312,53,101,783900
Down,92,357,146,130,784200
Down,91,351,97,94,784500
Down,90,338,97,186,785400
Down,89,319,151,147,785700
Down,88,354,143,128,786000
Down,87,330,95,91,786300
Down,86,310,88,78,786600
Down,85,324,75,119,786900
Down,84,316,66,190,787200
Down,83,353,89,241,787500
Down,82,370,143,135,789600
Down,81,274,174,127,792000
Down,80,369,164,151,792900
Down,79,377,118,216,793500
Down,78,283,166,156,794700
Down,77,297,84,147,795900
Down,76,306,162,158,796200
Down,75,301,157,276,801900
Down,74,302,124,229,802500
Down,73,304,73,156,802800
Down,72,311,131,219,803100
Down,71,281,55,146,803700
Up,81,0.813750,0.860452,806100
Up,91,0.673108,0.878324,818100
Up,101,0.674954,0.896094,818400
Down,100,344,100,293,839400
Down,99,359,90,294,839700
Down,98,294,60,284,840600
Down,97,298,82,240,843000
Down,96,372,114,216,843600
Down,95,200,59,172,843900
Down,94,204,62,158,844200
Down,93,256,50,140,844500
Down,92,384,41,76,844800
Down,91,379,91,68,846000
Down,90,329,97,83,846300
Down,89,400,82,147,846600
Down,88,362,70,112,846900
Down,87,314,81,105,847200
Down,86,411,109,90,847500
Down,85,284,62,172,849300
Down,84,420,152,145,852000
Down,83,368,133,120,852300
Down,82,381,144,130,852900
Down,81,360,111,89,853200
Down,80,390,191,169,853500
Down,79,339,84,75,853800
Down,78,326,68,80,856200
Down,77,382,113,198,856800
Down,76,268,74,259,857400
Up,86,0.770506,0.824743,868800
Up,96,0.886917,0.810703,882300
Up,106,0.868351,0.773965,929400
Down,105,367,130,259,930000
Down,104,336,96,178,930300
Down,103,277,94,212,931500
Down,102,421,168,147,932400
Down,101,433,151,127,932700
Down,100,342,102,198,933000
Down,99,424,114,106,933300
Down,98,442,188,161,933900
Down,97,443,172,149,934200
Down,96,440,179,160,934500
Down,95,458,68,118,934800
Down,94,435,144,131,940200
Down,93,388,112,204,941100
Down,92,399,73,127,941400
Down,91,394,69,116,941700
Down,90,406,107,79,943200
Down,89,402,189,166,943500
Down,88,444,187,166,961500
Down,87,408,88,154,965700
Down,86,358,92,128,966000
Down,85,308,153,264,973500
Down,84,365,73,132,973800
Down,83,366,31,58,974100
Down,82,448,209,191,974400
Down,81,450,37,135,974700
Down,80,452,313,604,976500
Down,79,413,309,295,976800
Down,78,426,284,266,977100
Down,77,332,74,68,977400
Down,76,352,310,256,1047600
Down,75,356,163,132,1047900
Down,74,454,280,256,1048500
Down,73,401,95,163,1049100
Down,72,460,323,262,1051800
Down,71,441,296,281,1052100
Down,70,447,297,282,1052400
Down,69,429,298,267,1052700
Down,68,451,346,288,1053600
Down,67,315,209,107,1054800
Down,66,459,333,330,1055100
Down,65,289,344,645,1081500
Down,64,418,163,301,1081800
Down,63,432,183,289,1083000
Down,62,271,118,97,1083600
Down,61,422,304,255,1083900
Down,60,363,159,156,1087800
Down,59,457,160,241,1088700
Down,58,438,281,225,1092000
Down,57,373,135,122,1092600
Down,56,331,142,133,1092900
Down,55,348,176,160,1093200
Down,54,307,110,277,1094100
Down,53,371,179,269,1094400
Down,52,412,286,247,1094700
Down,51,321,102,89,1095000
Down,50,405,274,229,1118700
Down,49,346,184,179,1119900
Down,48,392,403,330,1128300
Down,47,456,505,445,1131300
Down,46,325,92,163,1132800
Down,45,355,214,123,1133100
Down,44,417,171,302,1133400
Down,43,404,53,53,1133700
Down,42,431,172,103,1134000
Down,41,393,360,300,1221000
Down,40,375,118,214,1221300
Down,39,322,163,151,1226400
Up,49,0.490945,0.578246,1244100
Down,48,455,269,1734,1244400
Up,58,0.689373,0.763919,1249200
Down,57,380,262,500,1253700
Down,56,449,169,415,1254000
Down,55,386,146,713,1254300
Down,54,416,146,716,1254600
Down,53,446,44,195,1254900
Down,52,385,107,197,1255200
Down,51,470,251,222,1255500
Up,61,0.822064,0.688336,1257600
Down,60,383,143,231,1260000
Down,59,378,170,152,1260300
Down,58,414,171,155,1260600
Down,57,439,275,261,1260900
Down,56,453,252,238,1261500
Down,55,419,291,280,1261800
Down,54,403,275,261,1262100
Down,53,389,75,287,1262400
Down,52,437,117,112,1262700
Down,51,445,170,470,1263000
Down,50,486,186,346,1263300
Down,49,436,155,144,1263600
Down,48,428,309,284,1264200
Down,47,464,244,196,1265100
Down,46,472,270,164,1265700
Down,45,484,206,158,1267500
Up,55,0.661952,0.622546,1275900
Down,54,485,197,180,1282500
Down,53,483,341,321,1282800
Down,52,488,204,147,1283100
Down,51,497,179,152,1283400
Down,50,467,116,210,1283700
Down,49,491,204,180,1284000
Down,48,333,64,176,1284300
Down,47,478,221,167,1284600
Down,46,496,184,128,1285200
Up,56,0.808619,0.639994,1291800
Up,66,0.839757,0.609644,1291800
Up,76,0.841311,0.664540,1293900
Down,75,490,234,430,1298400
Up,85,0.869181,0.678933,1299600
Up,95,0.749416,0.575421,1299900
Down,94,415,114,334,1307700
Down,93,376,67,183,1308000
Down,92,499,175,156,1308300
Down,91,461,75,201,1308600
Down,90,409,71,133,1308900
Down,89,397,68,125,1309200
Down,88,510,144,124,1309500
Down,87,391,137,237,1309800
Down,86,516,135,118,1310100
Down,85,396,138,230,1310400
Down,84,514,64,105,1310700
Down,83,546,115,109,1311000
Down,82,542,256,185,1311300
Down,81,465,148,133,1311600
Down,80,544,225,441,1311900
Down,79,469,215,195,1312200
Down,78,517,341,321,1312500
Down,77,533,133,113,1312800
Down,76,523,519,489,1313100
Down,75,526,403,377,1313400
Down,74,525,151,125,1313700
Down,73,387,113,79,1314000
Down,72,507,71,123,1314300
Down,71,430,59,112,1314600
Down,70,536,132,120,1314900
Down,69,537,404,385,1315200
Down,68,481,417,367,1326900
Down,67,547,383,369,1327200
Down,66,512,76,217,1327500
Down,65,482,171,148,1327800
Down,64,515,103,184,1329000
Down,63,530,184,148,1329300
Down,62,434,83,76,1329600
Down,61,349,115,90,1329900
Down,60,519,176,148,1330200
Down,59,521,145,118,1330500
Down,58,500,147,120,1330800
Down,57,522,131,105,1331100
Down,56,538,119,97,1331400
Down,55,540,244,164,1331700
Down,54,398,91,100,1332300
Down,53,407,74,73,1332600
Down,52,364,68,68,1333200
Down,51,505,62,53,1333800
Down,50,549,397,397,1336200
Up,60,0.795253,0.689237,1341900
Down,59,545,435,818,1352700
Down,58,468,350,666,1353000
Down,57,513,366,364,1353300
Down,56,423,390,386,1353900
Down,55,425,566,554,1354200
Down,54,495,58,111,1354500
Down,53,480,223,178,1367700
Down,52,475,174,499,1372800
Up,62,0.667522,0.641007,1382700
Down,61,474,171,484,1389000
Down,60,489,97,181,1389300
Down,59,559,212,175,1393200
Down,58,562,217,184,1393500
Down,57,560,206,179,1393800
Down,56,463,85,81,1394100
Down,55,471,109,107,1394400
Down,54,476,85,132,1394700
Down,53,566,228,218,1398600
Down,52,487,71,138,1407600
Down,51,328,141,198,1411200
Up,61,0.701782,0.789226,1413900
Down,60,479,313,556,1416600
Down,59,524,122,345,1417200
Down,58,565,118,230,1417500
Down,57,529,84,213,1417800
Down,56,502,76,206,1418100
Down,55,492,129,121,1418400
Down,54,501,176,171,1418700
Down,53,466,168,156,1419000
Down,52,528,146,129,1419300
Down,51,539,186,174,1419900
Down,50,518,141,240,1420200
Down,49,548,266,243,1420500
Down,48,557,257,241,1421100
Down,47,563,239,228,1421700
Down,46,477,129,115,1422000
Up,56,0.804083,0.657323,1426500
Down,55,571,272,259,1428600
Down,54,575,135,247,1428900
Down,53,520,343,282,1429500
Down,52,532,308,164,1429800
Down,51,572,288,282,1430100
Down,50,577,337,299,1430400
Down,49,582,210,387,1431600
Down,48,564,73,207,1432500
Down,47,395,105,120,1433700
Down,46,590,282,555,1434000
Up,56,0.651501,0.667549,1440900
Down,55,587,261,774,1445100
Down,54,506,207,184,1450800
Down,53,531,206,197,1451100
Down,52,578,152,292,1451400
Up,62,0.812665,0.728433,1453800
Up,72,0.664962,0.843453,1470600
Down,71,570,108,105,1490400
Down,70,551,107,200,1490700
Down,69,583,124,113,1491000
Down,68,585,210,177,1491300
Down,67,599,234,674,1498500
Down,66,586,97,192,1499100
Down,65,594,59,173,1499400
Down,64,498,58,167,1500000
Down,63,602,288,251,1505400
Down,62,588,143,128,1506000
Up,72,0.701643,0.767260,1511400
Down,71,462,93,174,1535100
Down,70,511,69,133,1535400
Down,69,535,81,73,1535700
Down,68,625,80,72,1536000
Down,67,568,74,129,1545900
Down,66,504,56,62,1548000
Down,65,598,83,135,1548600
Up,75,0.694363,0.846617,1557900
Down,74,410,59,58,1562400
Down,73,509,48,81,1562700
Down,72,541,95,83,1563000
Down,71,554,88,67,1563300
Down,70,534,99,117,1563900
Down,69,427,75,84,1564200
Down,68,552,41,61,1564800
Down,67,626,34,49,1565100
Down,66,527,82,171,1578900
Down,65,508,109,211,1579200
Down,64,503,65,149,1579500
Down,63,589,57,131,1579800
Down,62,593,70,96,1580100
Down,61,543,96,104,1580400
Down,60,494,64,71,1580700
Down,59,616,51,86,1581300
Up,69,0.809607,0.712443,1586700
Up,79,0.707214,0.858742,1593000
Up,89,0.711142,0.686430,1596000
Up,99,0.735794,0.636033,1596000
Up,109,0.755923,0.594883,1596000
Up,119,0.772669,0.560649,1596000
Up,129,0.786819,0.531723,1596000
Up,139,0.798933,0.506958,1596000
Up,149,0.809420,0.485518,1596000
Up,159,0.818589,0.466775,1596000
Up,169,0.826672,0.450250,1596000
Up,179,0.833853,0.435571,1596000
Down,178,636,114,683,1596600
Down,177,493,83,609,1596900
Down,176,633,100,503,1597200
Down,175,584,69,485,1597500
Down,174,643,67,478,1597800
Down,173,601,59,461,1598100
Down,172,556,49,47,1598400
Down,171,661,56,52,1598700
Down,170,634,84,81,1599000
Down,169,635,63,59,1599300
Down,168,674,39,62,1599600
Down,167,658,47,49,1599900
Down,166,670,25,47,1600200
Down,165,641,49,91,1600500
Down,164,646,58,49,1600800
Down,163,555,51,110,1601100
Down,162,645,49,66,1601400
Down,161,644,51,81,1601700
Down,160,647,55,265,1602600
Down,159,576,63,189,1602900
Down,158,612,42,162,1603200
Down,157,637,40,142,1603500
Down,156,631,52,141,1603800
Down,155,748,46,166,1604100
Down,154,567,45,135,1604400
Down,153,622,32,125,1604700
Down,152,604,28,102,1605000
Down,151,617,32,120,1605300
Down,150,651,50,61,1605600
Down,149,595,57,53,1605900
Down,148,597,56,48,1606200
Down,147,678,63,54,1606500
Down,146,729,60,51,1606800
Down,145,703,82,74,1607100
Down,144,705,101,95,1607400
Down,143,706,115,107,1608000
Down,142,714,83,76,1608300
Down,141,716,96,88,1608600
Down,140,719,80,68,1608900
Down,139,569,45,42,1609200
Down,138,692,62,115,1609500
Down,137,648,50,94,1609800
Down,136,666,45,81,1610100
Down,135,596,52,92,1610400
Down,134,723,98,90,1610700
Down,133,713,108,105,1611000
Down,132,614,99,96,1611300
Down,131,673,111,102,1611600
Down,130,698,89,83,1611900
Down,129,701,34,60,1612200
Down,128,718,119,112,1612500
Down,127,607,43,33,1612800
Down,126,728,109,107,1613100
Down,125,603,119,90,1613400
Down,124,619,50,81,1613700
Down,123,579,25,68,1614000
Down,122,558,26,52,1614300
Down,121,649,44,44,1614600
Down,120,591,40,42,1614900
Down,119,581,82,72,1615200
Down,118,618,58,84,1615500
Down,117,754,107,103,1615800
Down,116,553,44,101,1616100
Down,115,573,105,95,1616400
Down,114,653,133,131,1617000
Down,113,550,49,109,1617300
Down,112,652,129,103,1617600
Down,111,638,55,96,1617900
Down,110,473,49,93,1618200
Down,109,749,106,102,1618500
Down,108,671,117,106,1618800
Down,107,610,40,69,1619100
Down,106,642,25,44,1619400
Down,105,743,88,66,1620000
Down,104,650,27,-5,1620300
Down,103,561,52,58,1620600
Down,102,727,94,81,1620900
Down,101,747,51,47,1621200
Down,100,613,39,95,1621500
Down,99,580,29,81,1621800
Down,98,700,87,71,1622100
Down,97,722,51,70,1622400
Down,96,630,55,46,1622700
Down,95,615,31,51,1623000
Down,94,660,44,72,1623300
Down,93,707,59,41,1623600
Down,92,712,66,48,1623900
Down,91,699,53,85,1624200
Down,90,736,119,114,1624500
Down,89,731,100,87,1624800
Down,88,675,68,102,1625100
Down,87,628,73,68,1625400
Down,86,697,33,88,1625700
Down,85,684,92,86,1626000
Down,84,687,93,80,1626300
Down,83,609,70,84,1627500
Down,82,720,58,112,1628400
Down,81,704,57,102,1628700
Down,80,702,113,211,1630500
Down,79,665,43,74,1630800
Down,78,680,97,87,1631100
Down,77,725,105,68,1632300
Down,76,737,87,131,1632600
Down,75,600,55,80,1632900
Down,74,606,63,96,1633200
Down,73,751,105,77,1634100
Down,72,611,69,156,1646100
Down,71,623,55,100,1646400
Down,70,681,50,140,1646700
Down,69,620,64,114,1647000
Down,68,574,44,83,1647300
Down,67,621,51,69,1648200
Down,66,629,65,62,1648800
Down,65,654,74,63,1649100
Down,64,738,71,131,1649700
Down,63,592,45,118,1650000
Down,62,664,38,119,1650300
Down,61,640,58,107,1650600
Down,60,662,58,168,1650900
Down,59,679,60,116,1651200
Down,58,732,61,110,1651500
Down,57,659,84,72,1652400
Down,56,734,50,87,1652700
Down,55,735,115,83,1653000
Down,54,741,111,65,1653300
Down,53,686,29,74,1653600
Down,52,750,79,154,1654200
Down,51,627,65,115,1654500
Down,50,755,42,113,1654800
Down,49,608,75,74,1656000
Down,48,632,103,177,1659600
Down,47,663,77,147,1659900
Down,46,669,154,281,1660500
Down,45,667,88,114,1664100
Down,44,708,83,70,1666800
Down,43,689,110,98,1667100
Up,53,0.604536,0.768834,1673400
Down,52,757,122,159,1674300
Down,51,766,76,151,1674900
Down,50,710,110,208,1677900
Down,49,762,88,120,1679400
Down,48,639,86,129,1680300
Down,47,696,82,126,1680600
Down,46,605,46,83,1680900
Up,56,0.762852,0.666726,1691400
Up,66,0.773467,0.509470,1695900
Up,76,0.794049,0.490132,1695900
Up,86,0.863479,0.551134,1696200
Down,85,685,109,568,1713000
Down,84,733,107,497,1713300
Down,83,765,43,37,1713600
Down,82,694,41,78,1713900
Down,81,677,46,95,1714200
Down,80,715,89,211,1721400
Down,79,657,84,161,1729800
Down,78,682,85,162,1730100
Down,77,779,61,168,1730400
Down,76,721,62,159,1730700
Down,75,742,46,85,1731000
Down,74,683,87,141,1731300
Down,73,724,91,57,1731600
Down,72,752,146,137,1731900
Down,71,753,141,122,1732200
Down,70,775,101,91,1732500
Down,69,767,102,91,1732800
Down,68,797,122,108,1733100
Down,67,804,133,121,1733400
Down,66,624,45,37,1733700
Down,65,656,70,101,1734000
Down,64,668,62,79,1734300
Down,63,688,87,110,1734600
Down,62,690,90,123,1734900
Down,61,693,78,65,1735200
Down,60,739,82,69,1735500
Down,59,781,108,89,1735800
Down,58,788,90,73,1736100
Down,57,795,102,87,1736400
Down,56,803,36,58,1736700
Down,55,807,116,340,1737600
Down,54,758,61,104,1737900
Down,53,760,81,57,1738200
Down,52,744,65,54,1738500
Down,51,773,80,56,1738800
Down,50,793,87,61,1739100
Down,49,796,135,69,1739400
Down,48,676,95,268,1744200
Down,47,672,97,170,1744500
Down,46,784,187,165,1744800
Down,45,791,190,129,1745100
Down,44,801,175,152,1745400
Down,43,695,70,78,1745700
Down,42,800,116,96,1746000
Down,41,789,77,56,1746300
Down,40,805,106,32,1746600
Up,50,0.750902,0.635717,1746900
Up,60,0.774151,0.602681,1746900
Down,59,806,61,95,1764000
Down,58,786,128,344,1764300
Down,57,769,62,176,1764600
Down,56,691,142,141,1764900
Down,55,711,80,142,1765200
Down,54,768,93,166,1765500
Down,53,726,90,79,1765800
Down,52,785,93,64,1766100
Down,51,780,86,75,1766400
Down,50,808,91,78,1766700
Down,49,709,106,104,1767000
Down,48,778,82,77,1767300
Down,47,746,84,73,1767600
Down,46,655,75,68,1767900
Down,45,774,76,66,1768200
Down,44,818,174,122,1768500
Down,43,820,101,268,1768800
Down,42,819,78,169,1769100
Down,41,799,151,262,1769400
Down,40,787,51,115,1769700
Down,39,763,63,122,1770000
Down,38,745,99,291,1770300
Up,48,0.738479,0.632706,1770600
Up,58,0.764672,0.599049,1770600
Down,57,823,171,1024,1779600
Down,56,790,110,540,1779900
Down,55,792,68,331,1780200
Down,54,843,78,247,1780500
Down,53,756,45,187,1780800
Down,52,811,85,187,1781100
Down,51,814,78,176,1781400
Down,50,783,49,145,1781700
Down,49,837,114,105,1782000
Down,48,816,179,87,1782300
Down,47,832,129,92,1782600
Down,46,829,90,56,1782900
Down,45,759,114,111,1783200
Down,44,815,103,95,1783500
Down,43,740,105,95,1783800
Down,42,828,128,98,1784100
Down,41,824,80,70,1784400
Down,40,833,100,186,1784700
Down,39,836,125,104,1785000
Down,38,831,88,168,1785300
Down,37,825,166,113,1785600
Down,36,834,137,82,1785900
Down,35,798,100,78,1786200
Down,34,827,70,55,1786500
Down,33,821,113,103,1786800
Down,32,717,54,63,1787100
Up,42,0.721629,0.604025,1787100
Up,52,0.761362,0.613696,1787100
Down,51,839,186,1062,1797600
Down,50,730,139,812,1797900
Down,49,770,113,490,1798200
Down,48,822,156,391,1798500
Down,47,835,164,337,1798800
Down,46,776,107,257,1799100
Down,45,764,85,192,1799400
Down,44,844,52,154,1799700
Down,43,840,101,92,1800000
Down,42,794,80,68,1800300
Down,41,848,115,100,1800600
Down,40,761,94,95,1800900
Down,39,771,93,84,1801200
Down,38,849,114,95,1801500
Down,37,850,138,132,1801800
Down,36,809,77,138,1802100
Down,35,859,195,344,1802400
Down,34,862,131,224,1802700
Down,33,847,130,193,1803000
Down,32,861,158,127,1803300
Down,31,842,160,136,1803600
Down,30,855,232,107,1803900
Down,29,853,126,187,1804200
Down,28,841,111,17,1804500
Down,27,857,106,110,1804800
Down,26,863,233,174,1805100
Down,25,864,280,251,1805400
Down,24,858,121,134,1805700
Down,23,869,124,84,1806000
Down,22,856,351,226,1806900
Down,21,860,344,202,1807200
Down,20,870,322,263,1807800
Down,19,782,105,112,1821600
Up,29,0.380852,0.603429,1823700
Down,28,852,252,2421,1824300
Down,27,845,229,1631,1824900
Down,26,876,220,330,1825800
Down,25,871,118,244,1826100
Down,24,874,174,233,1826400
Down,23,873,188,167,1826700
Down,22,866,57,105,1827000
Down,21,851,251,165,1827300
Down,20,772,110,185,1828800
Down,19,846,174,236,1829700
Up,29,0.443865,0.619451,1834500
Down,28,826,120,175,1837800
Down,27,872,345,667,1838100
Down,26,838,211,335,1838400
Down,25,854,148,333,1838700
Down,24,865,318,208,1839000
Down,23,875,104,141,1839300
Down,22,813,310,128,1839600
Down,21,868,127,145,1839900
Down,20,885,198,339,1840200
Up,30,0.564120,0.656558,1840500
Up,40,0.694085,0.591834,1842600
Up,50,0.733348,0.560967,1842600
Up,60,0.820583,0.506824,1848000
Up,70,0.816309,0.610048,1849800
Down,69,936,127,252,1865400
Down,68,901,137,272,1871700
Down,67,908,38,27,1872000
Down,66,867,141,255,1872300
Down,65,830,59,162,1872600
Down,64,881,39,77,1872900
Down,63,802,64,158,1873200
Down,62,810,38,83,1873500
Down,61,884,57,61,1873800
Down,60,883,119,224,1874100
Down,59,891,99,196,1874400
Down,58,915,125,237,1874700
Down,57,938,143,114,1875000
Down,56,903,77,77,1875300
Down,55,886,68,66,1875600
Down,54,812,114,98,1875900
Up,64,0.714663,0.547259,1882800
Down,63,878,210,341,1897800
Down,62,894,80,108,1898100
Down,61,879,127,308,1899000
Up,71,0.525282,0.650456,1902900
Down,70,924,73,426,1904100
Down,69,912,116,93,1904400
Down,68,897,81,152,1904700
Down,67,817,86,129,1905000
Down,66,895,110,171,1905600
Down,65,889,90,86,1905900
Down,64,890,75,151,1906200
Down,63,907,110,201,1906500
Down,62,893,75,215,1906800
Down,61,921,37,169,1907100
Up,71,0.748831,0.711239,1929300
Down,70,900,71,204,1938000
Down,69,880,116,181,1938300
Down,68,954,35,131,1938600
Down,67,892,110,193,1941000
Down,66,931,103,88,1941300
Down,65,882,99,154,1941900
Up,75,0.846602,0.757727,1951200
Up,85,0.846558,0.689666,1951500
Up,95,0.769553,0.811892,1964100
Up,105,0.570989,0.725540,1976700
Down,104,904,135,246,1994400
Down,103,911,118,96,1994700
Down,102,972,92,167,1995000
Down,101,949,124,207,1996500
Down,100,877,79,144,1996800
Down,99,909,63,173,1997100
Down,98,899,58,208,1997400
Down,97,914,78,220,1997700
Down,96,983,53,144,1999800
Down,95,994,122,234,2000100
Down,94,917,72,207,2000400
Down,93,977,36,128,2000700
Down,92,926,38,72,2001000
Down,91,950,109,96,2001300
Down,90,887,67,183,2003400
Down,89,947,89,170,2003700
Down,88,951,73,122,2004300
Down,87,906,68,124,2005500
Down,86,990,58,119,2005800
Down,85,934,51,138,2006100
Down,84,929,90,168,2006400
Down,83,939,75,122,2006700
Down,82,989,118,101,2007300
Down,81,944,114,95,2007600
Down,80,937,92,159,2011800
Down,79,961,107,307,2013000
Down,78,902,38,93,2013300
Down,77,777,54,85,2013600
Up,87,0.697417,0.836300,2018700
Down,86,964,83,150,2024400
Down,85,955,71,130,2026500
Down,84,965,80,66,2026800
Down,83,958,75,57,2027100
Down,82,974,74,138,2027400
Down,81,980,89,256,2032500
Down,80,888,85,170,2032800
Down,79,978,73,136,2033400
Down,78,1003,71,139,2033700
Down,77,922,59,91,2034000
Down,76,925,56,51,2034300
Down,75,953,102,92,2037600
Down,74,941,78,72,2037900
Down,73,940,101,86,2038200
Down,72,981,112,76,2038500
Down,71,992,76,139,2038800
Down,70,970,92,79,2039100
Down,69,999,52,93,2039400
Down,68,966,67,120,2039700
Down,67,1000,89,81,2040000
Down,66,948,98,87,2040300
Down,65,898,210,199,2044200
Down,64,969,95,181,2045100
Up,74,0.805475,0.620119,2048400
Down,73,997,180,691,2052600
Down,72,991,75,54,2055600
Down,71,935,68,57,2055900
Down,70,945,78,85,2056200
Down,69,1002,46,98,2056800
Down,68,946,39,57,2057100
Up,78,0.681604,0.842671,2058600
Up,88,0.659463,0.832982,2060700
Up,98,0.735645,0.832612,2073900
Down,97,920,79,234,2080200
Down,96,932,95,184,2080500
Down,95,967,79,145,2080800
Down,94,956,69,133,2081100
Down,93,1014,103,197,2081400
Down,92,1008,111,186,2081700
Down,91,943,69,134,2082000
Down,90,1053,108,206,2082300
Up,100,0.860742,0.512835,2082300
Up,110,0.869318,0.479850,2082300
Up,120,0.876465,0.452363,2082300
Up,130,0.882512,0.429104,2082300
Up,140,0.887696,0.409168,2082300
Up,150,0.892188,0.391890,2082300
Up,160,0.896119,0.376772,2082300
Up,170,0.899587,0.363433,2082300
Up,180,0.902670,0.351575,2082300
Up,190,0.905428,0.340966,2082300
Up,200,0.907911,0.331418,2082300
Up,210,0.910157,0.322779,2082300
Up,220,0.912199,0.314925,2082300
Down,219,1036,82,494,2082900
Down,218,1044,111,473,2083200
Down,217,913,89,436,2083500
Down,216,923,85,414,2083800
Down,215,952,81,392,2084100
Down,214,984,36,104,2084400
Down,213,1028,36,101,2084700
Down,212,963,93,176,2085000
Down,211,930,69,132,2085300
Down,210,979,57,109,2085600
Down,209,1035,48,93,2085900
Down,208,973,47,88,2086200
Down,207,1001,42,80,2086500
Down,206,905,40,112,2086800
Down,205,1009,40,116,2087100
Down,204,1012,58,98,2087400
Down,203,968,53,101,2087700
Down,202,1017,35,33,2088000
Down,201,1049,66,62,2088300
Down,200,1092,81,75,2088600
Down,199,993,7,31,2088900
Down,198,918,47,41,2089200
Down,197,1114,84,81,2089500
Down,196,957,60,57,2089800
Down,195,1088,56,103,2090100
Down,194,1004,52,97,2090400
Down,193,1041,102,194,2090700
Down,192,1095,65,111,2091000
Down,191,919,39,108,2091300
Down,190,1074,93,74,2091600
Down,189,1117,84,71,2091900
Down,188,1098,151,144,2092200
Down,187,1103,33,62,2092500
Down,186,1027,32,55,2092800
Down,185,1107,157,145,2093100
Down,184,1070,36,69,2093400
Down,183,1024,61,57,2093700
Down,182,1140,198,181,2094000
Down,181,1045,39,53,2094300
Down,180,1162,202,177,2094600
Down,179,910,42,87,2094900
Down,178,916,41,44,2095200
Down,177,982,36,58,2095500
Down,176,1061,39,56,2095800
Down,175,1043,40,51,2096100
Down,174,1164,212,189,2096400
Down,173,995,86,161,2096700
Down,172,1175,231,221,2097000
Down,171,1075,210,202,2097300
Down,170,1082,208,201,2097600
Down,169,1006,205,197,2097900
Down,168,1165,233,682,2098200
Down,167,1054,55,194,2098500
Down,166,1050,26,95,2098800
Down,165,1170,215,417,2099100
Down,164,933,49,91,2099400
Down,163,1158,81,83,2099700
Down,162,1025,74,143,2100000
Down,161,1168,230,223,2100300
Down,160,1079,233,420,2100600
Down,159,1180,216,211,2100900
Down,158,975,27,72,2101200
Down,157,896,255,247,2101500
Down,156,1160,81,75,2101800
Down,155,985,238,225,2102100
Down,154,962,48,56,2102400
Down,153,1052,267,218,2102700
Down,152,1019,52,79,2103000
Down,151,1072,90,74,2103300
Down,150,1046,48,94,2103600
Down,149,1010,113,134,2103900
Down,148,986,60,113,2104200
Down,147,1011,55,105,2104500
Down,146,928,49,98,2104800
Down,145,976,45,85,2105100
Down,144,960,42,80,2105400
Down,143,1029,37,68,2105700
Down,142,1021,56,52,2106000
Down,141,1007,54,45,2106300
Down,140,1016,47,54,2106600
Down,139,1179,253,228,2106900
Down,138,987,52,86,2107200
Down,137,1040,60,61,2107500
Down,136,1178,244,236,2107800
Down,135,1037,248,492,2108100
Down,134,1063,265,255,2108400
Down,133,1020,49,140,2108700
Down,132,1069,50,92,2109000
Down,131,1101,260,224,2109300
Down,130,1105,100,88,2109600
Down,129,1188,245,236,2109900
Down,128,1051,249,237,2110200
Down,127,1116,242,229,2110500
Down,126,1134,90,171,2110800
Down,125,1015,56,96,2111100
Down,124,1120,242,226,2111400
Down,123,1127,261,248,2111700
Down,122,1121,243,230,2112000
Down,121,1126,239,230,2112300
Down,120,1131,278,269,2113500
Down,119,1073,246,232,2113800
Down,118,1139,240,234,2114100
Down,117,998,42,116,2114400
Down,116,1038,125,119,2114700
Down,115,1096,96,164,2115000
Down,114,1013,47,85,2115300
Down,113,1110,317,305,2115600
Down,112,1100,235,221,2115900
Down,111,942,44,166,2116200
Down,110,1099,262,223,2116500
Down,109,1071,87,76,2116800
Down,108,1039,59,54,2117100
Down,107,1034,60,52,2117400
Down,106,1161,254,242,2118000
Down,105,1149,292,257,2118300
Down,104,1090,48,103,2118600
Down,103,1153,220,202,2118900
Down,102,1113,84,110,2119200
Down,101,1167,225,214,2121900
Down,100,1084,65,115,2122200
Down,99,1118,231,677,2125800
Down,98,1097,84,72,2127600
Down,97,1109,99,91,2127900
Down,96,1104,51,92,2128200
Down,95,1085,98,87,2128500
Down,94,1172,211,202,2133600
Down,93,1047,236,195,2134800
Down,92,1171,262,270,2135100
Down,91,927,259,498,2135400
Down,90,1125,231,223,2136000
Down,89,1077,232,214,2136300
Down,88,1133,247,229,2136600
Down,87,1154,54,101,2136900
Down,86,1026,86,152,2137200
Down,85,971,77,104,2137500
Up,95,0.753552,0.681021,2144100
Up,105,0.688384,0.871950,2180700
Down,104,1191,138,130,2193000
Down,103,1112,65,119,2193300
Down,102,1042,122,111,2193600
Down,101,1151,198,183,2193900
Down,100,1031,118,125,2194500
Down,99,1062,54,87,2195100
Down,98,1192,239,221,2197800
Down,97,1089,54,143,2198100
Down,96,1182,240,211,2198400
Down,95,1106,57,99,2198700
Down,94,1067,43,63,2199000
Down,93,988,58,56,2199300
Down,92,1018,51,95,2199600
Down,91,1197,84,159,2199900
Down,90,1005,45,82,2200200
Down,89,1163,81,72,2200500
Down,88,1033,65,66,2200800
Down,87,1202,251,248,2203800
Down,86,1058,237,234,2204100
Down,85,1087,94,188,2204400
Down,84,1137,233,223,2204700
Down,83,1147,216,202,2205000
Down,82,1023,129,105,2205300
Down,81,1157,245,235,2205600
Down,80,1185,69,128,2206200
Down,79,1159,225,216,2206500
Down,78,1080,135,264,2216100
Down,77,1083,47,138,2216400
Down,76,1132,52,94,2216700
Down,75,1124,211,541,2217000
Down,74,1022,32,62,2217600
Down,73,1081,80,214,2217900
Down,72,1181,107,159,2221200
Down,71,1210,182,158,2221500
Down,70,1066,201,346,2221800
Down,69,1144,179,341,2223300
Down,68,1136,170,292,2224500
Down,67,1129,187,97,2224800
Down,66,1141,102,182,2225100
Down,65,1174,198,168,2226600
Down,64,1048,66,179,2226900
Down,63,1068,110,272,2227200
Down,62,1204,57,154,2227500
Down,61,1111,82,332,2227800
Down,60,1199,56,193,2228100
Down,59,1196,213,136,2228700
Up,69,0.527046,0.539750,2229900
Down,68,1209,195,1200,2230200
Down,67,1148,171,502,2230500
Down,66,1032,103,281,2231100
Down,65,1128,85,145,2231400
Down,64,1056,57,76,2232000
Down,63,1173,104,91,2232300
Up,73,0.533278,0.566369,2235600
Up,83,0.457012,0.498861,2235900
Down,82,1205,157,618,2236200
Down,81,1030,99,288,2236500
Down,80,1203,134,256,2236800
Down,79,1057,86,198,2237100
Down,78,1078,88,146,2237400
Down,77,1065,75,197,2237700
Up,87,0.830209,0.634100,2242200
Up,97,0.855583,0.599401,2242200
Up,107,0.890002,0.671982,2246100
Down,106,1213,201,187,2250300
Down,105,1239,151,140,2250600
Down,104,959,37,105,2250900
Down,103,1091,104,199,2252700
Down,102,1186,73,213,2256600
Down,101,1200,66,122,2257200
Down,100,1102,78,155,2257500
Down,99,1130,73,136,2257800
Down,98,1166,63,111,2258100
Down,97,1229,85,156,2258400
Down,96,996,74,143,2264400
Down,95,1086,81,171,2268300
Down,94,1055,60,142,2268600
Down,93,1094,104,84,2268900
Down,92,1193,94,85,2269200
Down,91,1217,80,71,2269500
Down,90,1257,102,83,2269800
Down,89,1254,169,143,2270100
Down,88,1261,197,151,2270700
Down,87,1184,58,176,2274900
Down,86,1108,136,126,2275200
Down,85,1169,109,102,2275500
Down,84,1183,96,86,2275800
Down,83,1076,90,69,2276100
Down,82,1207,79,70,2276400
Down,81,1218,111,94,2276700
Down,80,1235,80,75,2277000
Down,79,1190,70,79,2277300
Down,78,1238,73,65,2277600
Down,77,1246,101,78,2277900
Down,76,1253,129,124,2278500
Down,75,1251,81,74,2278800
Down,74,1266,124,82,2279100
Down,73,1258,121,47,2279400
Down,72,1259,251,592,2284500
Up,82,0.816279,0.845885,2292300
Down,81,1152,180,524,2301900
Down,80,1214,159,297,2302200
Down,79,1265,229,305,2302500
Down,78,1177,172,331,2304900
Down,77,1119,138,250,2305200
Down,76,1220,170,323,2305500
Down,75,1059,81,77,2318400
Down,74,1195,253,240,2319000
Down,73,1064,87,144,2319300
Down,72,1267,306,217,2319900
Down,71,1280,251,228,2320200
Down,70,1260,277,734,2320500
Down,69,1135,157,275,2320800
Down,68,1248,136,256,2321100
Down,67,1093,72,129,2321700
Down,66,1237,154,292,2326500
Down,65,1236,156,257,2327400
Down,64,1176,126,453,2328000
Down,63,1142,94,266,2328300
Down,62,1250,130,218,2328600
Down,61,1223,143,360,2333100
Down,60,1187,120,174,2333700
Down,59,1262,115,149,2337000
Down,58,1123,105,192,2337300
Down,57,1273,158,148,2338200
Down,56,1224,186,179,2338500
Down,55,1155,122,226,2338800
Down,54,1212,128,234,2339100
Down,53,1222,131,235,2344500
Down,52,1208,127,220,2345100
Down,51,1194,122,222,2345400
Down,50,1249,87,224,2345700
Down,49,1272,89,262,2346000
Down,48,1198,62,171,2346300
Down,47,1227,172,156,2346600
Down,46,1231,164,129,2346900
Down,45,1232,75,56,2347200
Down,44,1216,119,116,2347500
Down,43,1252,167,103,2347800
Down,42,1240,106,250,2348100
Down,41,1271,175,105,2348400
Up,51,0.762453,0.747148,2348400
Up,61,0.728706,0.778353,2348400
Down,60,1247,123,367,2349600
Down,59,1268,145,288,2349900
Down,58,1263,46,135,2350200
Down,57,1264,213,181,2350800
Down,56,1145,96,155,2351100
Down,55,1274,197,409,2351400
Down,54,1279,155,251,2351700
Down,53,1060,89,260,2352000
Down,52,1115,136,131,2352300
Down,51,1150,112,105,2352600
Down,50,1282,145,126,2352900
Down,49,1143,98,126,2353200
Down,48,1156,109,172,2353500
Down,47,1270,118,114,2354400
Down,46,1245,127,242,2354700
Down,45,1219,81,344,2356800
Down,44,1228,118,150,2357700
Down,43,1294,86,164,2358000
Up,53,0.751024,0.756579,2364900
Down,52,1277,113,341,2366700
Down,51,1243,89,262,2367000
Down,50,1230,171,293,2367300
Down,49,1276,70,136,2367600
Down,48,1215,119,103,2367900
Down,47,1293,125,111,2368200
Down,46,1138,159,148,2368800
Down,45,1244,185,306,2369100
Down,44,1289,124,232,2370300
Down,43,1297,119,101,2370600
Down,42,1255,111,216,2370900
Down,41,1201,70,186,2371200
Down,40,1241,109,107,2372400
Down,39,1221,67,59,2372700
Down,38,1233,41,34,2373000
Up,48,0.774034,0.742823,2378700
Down,47,1287,271,185,2383200
Down,46,1211,131,183,2383800
Down,45,1299,160,251,2384100
Up,55,0.687293,0.802142,2388900
Down,54,1122,126,239,2390700
Down,53,1305,152,202,2391300
Down,52,1290,114,190,2391600
Down,51,1234,120,102,2391900
Down,50,1300,96,139,2392200
Down,49,1312,193,307,2393100
Down,48,1320,177,169,2393400
Down,47,1189,74,208,2394900
Down,46,1307,95,164,2395200
Down,45,1311,188,176,2395500
Down,44,1314,151,128,2395800
Down,43,1317,288,236,2396100
Down,42,1269,99,147,2396400
Down,41,1275,147,187,2396700
Down,40,1256,138,142,2397900
Down,39,1284,113,229,2398200
Down,38,1286,96,182,2398500
Down,37,1302,231,153,2398800
Down,36,1146,85,80,2399100
Down,35,1315,289,359,2400300
Down,34,1321,187,164,2400600
Down,33,1278,112,109,2400900
Down,32,1309,162,62,2401200
Down,31,1324,231,206,2401500
Down,30,1308,139,274,2402100
Down,29,1327,116,202,2402700
Down,28,1313,268,143,2403300
Up,38,0.620069,0.723015,2404800
Up,48,0.513093,0.753961,2408400
Down,47,1225,83,235,2421300
Down,46,1292,145,282,2422200
Down,45,1288,181,388,2422500
Down,44,1226,92,126,2422800
Down,43,1285,79,70,2423100
Down,42,1303,409,319,2423400
Down,41,1345,209,413,2423700
Down,40,1310,136,134,2424000
Down,39,1283,110,314,2424300
Down,38,1291,128,282,2424600
Down,37,1332,218,386,2425200
Down,36,1301,133,203,2425500
Down,35,1343,204,140,2425800
Up,45,0.718525,0.733411,2441700
Up,55,0.800574,0.623590,2445900
Down,54,1306,186,359,2454300
Down,53,1304,200,394,2455500
Down,52,1331,158,262,2455800
Down,51,1325,131,363,2463300
Down,50,1318,260,244,2463600
Down,49,1336,189,164,2463900
Up,59,0.760353,0.522756,2464200
Up,69,0.788817,0.501478,2464200
Down,68,1295,142,560,2468400
Down,67,1319,114,302,2469000
Down,66,1206,165,274,2469300
Down,65,1361,147,408,2469600
Down,64,1334,171,155,2469900
Down,63,1281,152,142,2470500
Down,62,1350,276,203,2470800
Down,61,1370,182,141,2471100
Down,60,1323,94,249,2471400
Down,59,1366,199,345,2471700
Down,58,1316,114,283,2472600
Down,57,1328,164,318,2472900
Down,56,1341,234,388,2473200
Down,55,1296,124,120,2473500
Up,65,0.823236,0.407367,2474700
Up,75,0.840751,0.361382,2474700
Up,85,0.862419,0.326529,2478000
Up,95,0.872123,0.298735,2478000
Down,94,1322,198,1923,2478900
Down,93,1389,197,923,2479200
Down,92,1326,158,710,2479500
Down,91,1359,72,640,2480100
Down,90,1363,118,97,2480400
Up,100,0.870804,0.211934,2480400
Down,99,1339,99,98,2484000
Down,98,1356,134,129,2484300
Down,97,1369,96,94,2484600
Down,96,1386,95,90,2484900
Down,95,1411,278,272,2485200
Down,94,1435,277,271,2485500
Down,93,1368,138,132,2485800
Down,92,1379,404,397,2486100
Down,91,1375,109,197,2486400
Down,90,1373,59,167,2486700
Down,89,1346,92,87,2487000
Down,88,1437,426,423,2487300
Down,87,1242,89,85,2487600
Down,86,1329,72,66,2487900
Down,85,1426,439,434,2488200
Down,84,1395,484,458,2488500
Down,83,1342,64,63,2488800
Down,82,1415,456,423,2489100
Down,81,1360,154,151,2489400
Up,91,0.854962,0.155291,2489400
Up,101,0.865500,0.143318,2489400
Up,111,0.874140,0.133503,2489400
Up,121,0.881351,0.125309,2489400
Down,120,1378,310,1547,2496000
Down,119,1371,321,633,2496300
Down,118,1376,115,341,2497200
Down,117,1398,127,377,2497500
Down,116,1298,67,268,2497800
Down,115,1374,76,224,2498100
Down,114,1406,129,126,2498400
Down,113,1416,443,1025,2498700
Down,112,1427,156,184,2499000
Down,111,1405,180,176,2499300
Down,110,1354,80,78,2499600
Down,109,1372,36,72,2499900
Down,108,1404,83,79,2500200
Down,107,1463,385,766,2500500
Down,106,1348,72,71,2500800
Down,105,1353,69,68,2501100
Down,104,1340,61,61,2501400
Down,103,1380,61,60,2501700
Down,102,1392,98,94,2502000
Down,101,1397,78,78,2502300
Down,100,1393,121,117,2502600
Down,99,1407,43,83,2502900
Down,98,1403,165,162,2503200
Down,97,1428,146,142,2503500
Down,96,1420,69,66,2503800
Down,95,1418,62,59,2504100
Down,94,1400,63,58,2504400
Down,93,1423,62,60,2504700
Down,92,1459,396,389,2505000
Down,91,1468,389,385,2505300
Down,90,1448,185,113,2505600
Down,89,1476,130,126,2505900
Down,88,1330,109,107,2506200
Down,87,1431,151,146,2506500
Down,86,1337,79,124,2506800
Down,85,1394,80,52,2507100
Down,84,1471,395,383,2507400
Down,83,1472,439,386,2507700
Down,82,1473,397,386,2508000
Down,81,1474,398,385,2508300
Down,80,1443,292,234,2508600
Down,79,1338,62,61,2508900
Down,78,1475,371,157,2509200
Down,77,1333,100,99,2509500
Down,76,1344,55,52,2509800
Down,75,1349,322,321,2510100
Down,74,1352,282,280,2510400
Down,73,1357,256,252,2510700
Down,72,1355,108,104,2511000
Down,71,1364,289,282,2511300
Down,70,1377,280,274,2511600
Down,69,1382,311,278,2511900
Down,68,1362,44,21,2512200
Down,67,1396,189,152,2512500
Down,66,1408,209,164,2512800
Down,65,1414,188,164,2513100
Down,64,1417,232,164,2513400
Down,63,1401,166,118,2513700
Down,62,1429,204,164,2514000
Down,61,1436,188,164,2514300
Down,60,1432,95,67,2514600
Down,59,1439,217,186,2514900
Down,58,1444,486,439,2515200
Down,57,1447,492,484,2515500
Down,56,1454,502,484,2515800
Down,55,1458,503,484,2516100
Down,54,1465,412,386,2516400
Down,53,1469,403,386,2516700
Down,52,1470,410,387,2517000
Down,51,1477,397,386,2517300
Down,50,1478,410,386,2517600
Down,49,1409,67,61,2517900
Down,48,1335,68,61,2518200
Down,47,1425,63,47,2518500
Down,46,1430,124,51,2518800
Down,45,1367,91,40,2519100
Down,44,1384,137,51,2519400
Down,43,1390,113,37,2519700
Down,42,1402,150,55,2520000
Down,41,1467,116,97,2520300
Down,40,1442,159,122,2520600
Down,39,1445,194,118,2520900
Down,38,1451,85,151,2521200
Down,37,1383,89,81,2521500
Down,36,1413,68,50,2521800
Down,35,1358,70,76,2522100
Down,34,1424,159,91,2522400
Down,33,1399,107,102,2522700
Down,32,1449,128,198,2523000
Down,31,1412,113,109,2523300
Down,30,1479,294,232,2523600
Down,29,1480,281,242,2523900
Down,28,1421,326,246,2524200
Down,27,1351,278,171,2524500
