1,951
1,939
2,878
1,854
1,849
1,836
1,834
1,807
1,804
1,801
1,795
1,789
1,785
1,781
1,776
1,774
1,768
1,759
1,755
2,747
3,743
1,741
1,740
2,739
2,737
1,735
2,733
1,731
1,730
1,729
1,725
2,720
1,718
1,717
1,716
1,715
1,712
1,711
2,708
2,706
1,705
1,701
3,700
3,697
1,694
5,693
1,692
3,691
1,690
1,688
2,687
2,684
2,681
2,680
2,677
1,676
1,675
2,674
4,673
2,672
1,671
2,670
2,669
2,665
3,664
2,663
5,662
4,660
1,658
5,656
1,655
3,654
1,653
3,652
1,651
4,650
2,649
1,648
1,647
1,646
3,645
3,644
2,643
3,642
1,641
1,640
1,638
3,636
2,635
1,634
2,633
2,632
1,631
1,630
2,629
1,628
3,627
2,626
2,624
3,621
1,618
2,616
1,615
4,613
2,612
3,611
3,609
3,608
1,607
3,606
2,605
1,604
1,603
3,602
2,601
2,599
1,598
3,596
1,595
2,594
1,593
2,591
1,590
2,589
8,588
1,587
2,586
1,585
2,584
1,583
3,581
2,580
3,579
2,577
2,575
1,573
3,571
1,568
1,566
1,564
1,560
1,559
3,558
2,557
1,556
1,552
2,551
2,548
1,547
1,546
1,545
1,544
2,542
2,540
2,539
1,537
2,536
2,535
1,534
1,533
2,532
1,531
2,530
1,529
2,528
2,527
1,525
1,524
2,523
4,521
2,518
2,517
2,516
2,515
1,514
1,513
2,511
4,510
1,509
2,508
3,507
1,506
2,505
1,504
3,503
1,502
1,500
1,498
3,497
3,496
2,495
1,493
2,492
4,491
3,490
2,489
3,488
2,487
2,486
1,485
1,483
1,482
1,480
1,479
1,478
2,476
2,474
1,473
1,472
1,471
1,469
1,468
1,467
3,466
1,464
1,463
3,462
2,460
2,459
1,458
1,457
1,456
3,455
3,454
1,452
3,451
4,450
1,449
2,448
2,446
2,444
3,443
4,441
2,440
2,439
4,438
1,437
3,436
2,435
2,434
3,433
4,432
2,431
2,430
3,429
4,428
3,427
1,426
7,425
1,424
1,423
1,422
4,421
1,420
2,419
1,418
3,417
9,416
2,415
3,414
2,413
4,412
2,411
4,410
4,409
3,408
4,407
6,406
4,405
4,404
4,403
2,402
5,401
3,400
4,399
7,398
1,397
4,396
2,395
5,394
3,393
3,392
1,391
1,390
6,389
4,388
6,387
4,386
7,385
5,384
4,383
4,382
8,381
4,380
4,379
2,378
5,377
2,376
3,375
4,374
2,373
5,372
6,371
1,370
4,369
6,368
3,367
5,366
8,365
3,364
1,363
3,362
1,361
2,360
2,359
7,358
3,357
1,356
4,355
2,354
1,353
3,351
5,350
1,349
3,348
4,347
3,346
5,344
4,343
4,342
1,341
3,339
3,338
2,337
3,336
5,335
4,334
6,333
3,332
6,331
2,330
5,329
3,328
1,327
1,326
3,324
1,323
6,322
2,321
3,320
3,319
3,318
3,317
1,316
3,315
2,314
3,313
6,312
2,311
2,309
3,308
5,307
4,306
3,305
2,304
2,303
2,302
2,301
2,300
5,299
3,298
3,297
1,296
2,295
1,294
1,293
1,292
2,291
1,290
3,289
1,288
1,287
5,286
2,285
1,284
1,283
1,282
4,281
1,280
5,279
4,277
4,276
6,275
6,274
4,273
2,272
4,271
1,270
3,269
2,268
4,267
1,266
2,265
1,264
1,263
4,262
3,261
1,260
3,259
1,257
5,256
3,255
1,254
3,253
2,251
1,250
1,249
2,248
3,247
4,246
4,245
7,244
3,243
5,242
6,241
5,240
6,239
2,238
1,237
7,236
6,235
5,234
3,233
3,232
8,231
9,230
8,229
4,228
7,227
7,226
5,225
4,224
8,223
4,222
2,221
6,220
6,219
8,218
5,217
14,216
2,215
2,214
1,213
3,212
7,211
9,210
5,209
7,208
4,207
6,206
4,205
6,204
7,203
8,202
8,201
4,200
10,199
6,198
8,197
8,196
10,195
5,194
9,193
8,192
5,191
3,190
9,189
11,188
4,187
4,186
7,185
10,184
9,183
6,182
5,181
10,180
10,179
5,178
8,177
5,176
7,175
7,174
2,173
6,172
6,171
7,170
9,169
3,168
3,167
3,166
9,165
4,164
10,163
5,162
10,161
4,160
10,159
10,158
7,157
8,156
5,155
7,154
4,153
7,152
13,151
3,150
11,149
10,148
11,147
6,146
8,145
6,144
15,143
7,142
11,141
5,140
11,139
10,138
14,137
10,136
13,135
20,134
12,133
11,132
10,131
13,130
13,129
7,128
8,127
11,126
11,125
11,124
16,123
17,122
22,121
13,120
14,119
13,118
19,117
21,116
21,115
12,114
20,113
14,112
14,111
25,110
19,109
10,108
23,107
22,106
17,105
12,104
14,103
16,102
22,101
22,100
19,99
21,98
20,97
19,96
19,95
11,94
26,93
28,92
13,91
27,90
22,89
15,88
25,87
22,86
27,85
24,84
24,83
20,82
23,81
25,80
24,79
16,78
29,77
31,76
14,75
19,74
17,73
21,72
34,71
23,70
21,69
20,68
29,67
19,66
22,65
21,64
20,63
18,62
13,61
20,60
20,59
16,58
24,57
17,56
18,55
13,54
14,53
21,52
13,51
15,50
16,49
17,48
15,47
14,46
14,45
8,44
3,43
11,42
12,41
6,40
10,39
7,38
5,37
5,36
8,35
13,34
4,33
6,32
8,31
6,30
7,29
4,28
12,27
4,26
6,25
3,24
2,23
3,22
1,21
7,20
3,19
2,18
2,16
2,15
